Date,Price of last transaction,Max.,Min.,Average price,%prom.,Quantity,BEST turnover in denars,Total turnover in denars
13.11.2024,"1.950,00",,,"1.950,00","0,00",0.0,0,0
12.11.2024,"1.950,00",,,"1.950,00","0,00",0.0,0,0
11.11.2024,"1.950,00",,,"1.950,00","0,00",0.0,0,0
08.11.2024,"1.950,00","1.950,00","1.950,00","1.950,00","0,26",175.0,341.250,341.250
07.11.2024,"1.945,00",,,"1.945,00","0,00",0.0,0,0
06.11.2024,"1.945,00",,,"1.945,00","0,00",0.0,0,0
05.11.2024,"1.945,00",,,"1.945,00","0,00",0.0,0,0
04.11.2024,"1.945,00",,,"1.945,00","0,00",0.0,0,0
01.11.2024,"1.945,00",,,"1.945,00","0,00",0.0,0,0
31.10.2024,"1.945,00",,,"1.945,00","0,00",0.0,0,0
30.10.2024,"1.945,00","1.945,00","1.945,00","1.945,00","-0,05",125.0,243.125,243.125
29.10.2024,"1.946,00","1.946,00","1.946,00","1.946,00","0,00",91.0,177.086,177.086
28.10.2024,"1.946,00","1.946,00","1.946,00","1.946,00","-2,99",110.0,214.060,214.060
25.10.2024,"2.006,00",,,"2.006,00","0,00",0.0,0,0
24.10.2024,"2.006,00",,,"2.006,00","0,00",0.0,0,0
22.10.2024,"2.006,00",,,"2.006,00","0,00",0.0,0,0
21.10.2024,"2.006,00",,,"2.006,00","0,00",0.0,0,0
18.10.2024,"2.006,00","2.006,00","2.006,00","2.006,00","0,00",3.0,6.018,6.018
17.10.2024,"2.006,00","2.006,00","2.006,00","2.006,00","3,53",6.0,12.036,12.036
16.10.2024,"1.900,00","1.946,00","1.900,00","1.937,64","-0,43",11.0,21.314,21.314
15.10.2024,"1.946,00","1.946,00","1.946,00","1.946,00","-2,99",300.0,583.800,583.800
14.10.2024,"2.006,00","2.006,00","2.006,00","2.006,00","8,43",10.0,20.060,20.060
10.10.2024,"1.850,00","1.850,00","1.850,00","1.850,00","-7,41",165.0,305.250,305.250
09.10.2024,"1.998,00","1.998,00","1.998,00","1.998,00","0,00",10.0,19.980,19.980
08.10.2024,"1.998,00","1.998,00","1.998,00","1.998,00","2,46",14.0,27.972,27.972
07.10.2024,"1.950,00",,,"1.950,00","0,00",0.0,0,0
04.10.2024,"1.950,00","1.950,00","1.950,00","1.950,00","0,10",16.0,31.200,31.200
03.10.2024,"1.920,00",,,"1.947,97","0,00",0.0,0,0
02.10.2024,"1.920,00",,,"1.947,97","0,00",0.0,0,0
01.10.2024,"1.920,00",,,"1.947,97","0,00",0.0,0,0
30.9.2024,"1.920,00",,,"1.947,97","0,00",0.0,0,0
27.9.2024,"1.920,00",,,"1.947,97","0,00",0.0,0,0
26.9.2024,"1.920,00",,,"1.947,97","0,00",0.0,0,0
25.9.2024,"1.920,00","1.972,00","1.920,00","1.947,97","-1,22",760.0,1.480.460,1.480.460
24.9.2024,"1.972,00","1.972,00","1.972,00","1.972,00","6,71",20.0,39.440,39.440
23.9.2024,"1.848,00","1.848,00","1.848,00","1.848,00","2,98",57.0,105.336,105.336
20.9.2024,"1.800,00",,,"1.794,52","0,00",0.0,0,0
19.9.2024,"1.800,00",,,"1.794,52","0,00",0.0,0,0
18.9.2024,"1.800,00","1.800,00","1.790,00","1.794,52","3,31",73.0,131.000,131.000
17.9.2024,"1.790,00","1.790,00","1.721,00","1.737,05","-0,46",43.0,74.693,74.693
16.9.2024,"1.741,00",,,"1.745,10","0,00",0.0,0,0
13.9.2024,"1.741,00","1.780,00","1.731,00","1.745,10","1,46",1.423,2.483.271,2.483.271
12.9.2024,"1.720,00","1.720,00","1.720,00","1.720,00","0,00",25.0,43.000,43.000
11.9.2024,"1.720,00",,,"1.720,00","0,00",0.0,0,0
10.9.2024,"1.720,00","1.720,00","1.720,00","1.720,00","-1,21",221.0,380.120,380.120
06.9.2024,"1.741,00",,,"1.741,00","0,00",0.0,0,0
05.9.2024,"1.741,00","1.741,00","1.741,00","1.741,00","0,00",10.0,17.410,17.410
04.9.2024,"1.741,00",,,"1.741,00","0,00",0.0,0,0
03.9.2024,"1.741,00",,,"1.741,00","0,00",0.0,0,0
02.9.2024,"1.741,00",,,"1.741,00","0,00",0.0,0,0
30.8.2024,"1.741,00","1.741,00","1.741,00","1.741,00","-2,19",206.0,358.646,358.646
29.8.2024,"1.780,00","1.780,00","1.780,00","1.780,00","0,32",100.0,178.000,178.000
27.8.2024,"1.760,00","1.781,00","1.760,00","1.774,32","2,56",88.0,156.140,156.140
26.8.2024,"1.730,00",,,"1.730,00","0,00",0.0,0,0
23.8.2024,"1.730,00","1.730,00","1.730,00","1.730,00","0,11",154.0,266.420,266.420
22.8.2024,"1.739,00","1.739,00","1.691,00","1.728,13","2,20",53.0,91.591,91.591
21.8.2024,"1.691,00","1.691,00","1.691,00","1.691,00","0,00",349.0,590.159,590.159
20.8.2024,"1.691,00","1.691,00","1.691,00","1.691,00","5,42",11.0,18.601,18.601
19.8.2024,"1.604,00",,,"1.604,00","0,00",0.0,0,0
16.8.2024,"1.604,00","1.604,00","1.604,00","1.604,00","0,25",31.0,49.724,49.724
15.8.2024,"1.600,00",,,"1.600,00","0,00",0.0,0,0
14.8.2024,"1.600,00","1.600,00","1.600,00","1.600,00","-2,56",500.0,800.000,800.000
13.8.2024,"1.642,00","1.642,00","1.642,00","1.642,00","-2,96",21.0,34.482,34.482
12.8.2024,"1.692,00","1.692,00","1.692,00","1.692,00","-2,98",14.0,23.688,23.688
09.8.2024,"1.744,00","1.744,00","1.744,00","1.744,00","-0,11",6.0,10.464,10.464
08.8.2024,"1.746,00",,,"1.746,00","0,00",0.0,0,2.390.274
07.8.2024,"1.746,00","1.746,00","1.746,00","1.746,00","-3,00",40.0,69.840,69.840
06.8.2024,"1.800,00",,,"1.800,00","0,00",0.0,0,0
05.8.2024,"1.800,00",,,"1.800,00","0,00",0.0,0,0
01.8.2024,"1.800,00","1.800,00","1.800,00","1.800,00","-1,80",20.0,36.000,36.000
31.7.2024,"1.833,00","1.833,00","1.833,00","1.833,00","-2,96",110.0,201.630,201.630
30.7.2024,"1.889,00","1.889,00","1.889,00","1.889,00","8,45",10.0,18.890,18.890
29.7.2024,"1.749,00","1.749,00","1.640,00","1.741,88","6,21",153.0,266.507,266.507
26.7.2024,"1.640,00","1.640,00","1.640,00","1.640,00","2,50",10.0,16.400,16.400
25.7.2024,"1.600,00","1.600,00","1.600,00","1.600,00","1,24",75.0,120.000,120.000
24.7.2024,"1.590,00","1.590,00","1.580,00","1.580,38","-1,23",104.0,164.360,164.360
23.7.2024,"1.600,00","1.600,00","1.600,00","1.600,00","0,02",59.0,94.400,94.400
22.7.2024,"1.600,00","1.600,00","1.599,00","1.599,75","-0,01",200.0,319.950,319.950
19.7.2024,"1.600,00","1.600,00","1.599,00","1.599,92","0,00",416.0,665.568,665.568
18.7.2024,"1.600,00","1.600,00","1.600,00","1.600,00","3,23",50.0,80.000,80.000
17.7.2024,"1.550,00","1.550,00","1.550,00","1.550,00","1,71",38.0,58.900,58.900
16.7.2024,"1.524,00",,,"1.524,00","0,00",0.0,0,2.612.200
15.7.2024,"1.524,00",,,"1.524,00","0,00",0.0,0,6.292.960
12.7.2024,"1.524,00",,,"1.524,00","0,00",0.0,0,0
11.7.2024,"1.524,00",,,"1.524,00","0,00",0.0,0,0
10.7.2024,"1.524,00","1.524,00","1.524,00","1.524,00","1,60",30.0,45.720,45.720
09.7.2024,"1.500,00","1.500,00","1.500,00","1.500,00","1,37",50.0,75.000,75.000
08.7.2024,"1.480,00",,,"1.479,67","0,00",0.0,0,0
05.7.2024,"1.480,00","1.480,00","1.479,00","1.479,67","-0,02",203.0,300.373,300.373
04.7.2024,"1.480,00",,,"1.480,00","0,00",0.0,0,0
03.7.2024,"1.480,00","1.480,00","1.480,00","1.480,00","0,05",69.0,102.120,102.120
02.7.2024,"1.480,00",,,"1.479,25","0,00",0.0,0,0
01.7.2024,"1.480,00","1.480,00","1.452,00","1.479,25","1,15",75.0,110.944,110.944
28.6.2024,"1.480,00",,,"1.462,50","0,00",0.0,0,0
27.6.2024,"1.480,00","1.480,00","1.450,00","1.462,50","0,87",12.0,17.550,17.550
26.6.2024,"1.450,00",,,"1.449,84","0,00",0.0,0,0
25.6.2024,"1.450,00",,,"1.449,84","0,00",0.0,0,0
24.6.2024,"1.450,00",,,"1.449,84","0,00",0.0,0,0
20.6.2024,"1.450,00",,,"1.449,84","0,00",0.0,0,0
19.6.2024,"1.450,00","1.450,00","1.449,00","1.449,84","-0,01",234.0,339.262,339.262
18.6.2024,"1.450,00",,,"1.450,00","0,00",0.0,0,0
17.6.2024,"1.450,00",,,"1.450,00","0,00",0.0,0,0
14.6.2024,"1.450,00","1.450,00","1.450,00","1.450,00","1,40",17.0,24.650,24.650
13.6.2024,"1.430,00","1.430,00","1.430,00","1.430,00","0,29",6.0,8.580,8.580
12.6.2024,"1.430,00",,,"1.425,85","0,00",0.0,0,0
11.6.2024,"1.430,00",,,"1.425,85","0,00",0.0,0,0
10.6.2024,"1.430,00",,,"1.425,85","0,00",0.0,0,0
07.6.2024,"1.430,00",,,"1.425,85","0,00",0.0,0,0
06.6.2024,"1.430,00",,,"1.425,85","0,00",0.0,0,0
05.6.2024,"1.430,00","1.430,00","1.420,00","1.425,85","1,41",272.0,387.830,387.830
04.6.2024,"1.406,00",,,"1.406,00","0,00",0.0,0,0
03.6.2024,"1.406,00",,,"1.406,00","0,00",0.0,0,0
31.5.2024,"1.406,00",,,"1.406,00","0,00",0.0,0,0
30.5.2024,"1.406,00","1.406,00","1.406,00","1.406,00","-5,00",106.0,149.036,149.036
29.5.2024,"1.480,00",,,"1.480,00","0,00",0.0,0,0
28.5.2024,"1.480,00",,,"1.480,00","0,00",0.0,0,0
27.5.2024,"1.480,00",,,"1.480,00","0,00",0.0,0,0
23.5.2024,"1.480,00","1.480,00","1.480,00","1.480,00","1,40",100.0,148.000,148.000
22.5.2024,"1.460,00","1.460,00","1.459,00","1.459,50","0,03",200.0,291.900,291.900
21.5.2024,"1.459,00","1.459,00","1.459,00","1.459,00","0,33",40.0,58.360,58.360
20.5.2024,"1.430,00","1.459,00","1.430,00","1.454,17","0,74",600.0,872.500,872.500
17.5.2024,"1.450,00","1.462,00","1.420,00","1.443,49","1,65",289.0,417.170,417.170
16.5.2024,"1.420,00","1.420,00","1.420,00","1.420,00","-1,73",31.0,44.020,44.020
15.5.2024,"1.445,00","1.445,00","1.445,00","1.445,00","-0,97",89.0,128.605,128.605
14.5.2024,"1.460,00",,,"1.459,20","0,00",0.0,0,0
13.5.2024,"1.460,00",,,"1.459,20","0,00",0.0,0,0
10.5.2024,"1.460,00","1.460,00","1.450,00","1.459,20","0,48",348.0,507.800,507.800
09.5.2024,"1.458,00",,,"1.452,24","0,00",0.0,0,0
07.5.2024,"1.458,00",,,"1.452,24","0,00",0.0,0,0
02.5.2024,"1.458,00",,,"1.452,24","0,00",0.0,0,0
30.4.2024,"1.458,00","1.458,00","1.450,00","1.452,24","0,15",221.0,320.946,320.946
29.4.2024,"1.450,00",,,"1.450,00","0,00",0.0,0,0
26.4.2024,"1.450,00",,,"1.450,00","0,00",0.0,0,0
25.4.2024,"1.450,00",,,"1.450,00","0,00",0.0,0,0
23.4.2024,"1.450,00","1.450,00","1.450,00","1.450,00","0,00",144.0,208.800,208.800
22.4.2024,"1.450,00",,,"1.450,00","0,00",0.0,0,0
19.4.2024,"1.450,00","1.450,00","1.450,00","1.450,00","2,84",10.0,14.500,14.500
18.4.2024,"1.410,00","1.410,00","1.410,00","1.410,00","0,34",53.0,74.730,74.730
17.4.2024,"1.404,00",,,"1.405,24","0,00",0.0,0,0
16.4.2024,"1.404,00",,,"1.405,24","0,00",0.0,0,0
15.4.2024,"1.404,00","1.410,00","1.404,00","1.405,24","0,07",209.0,293.696,293.696
12.4.2024,"1.404,00","1.405,00","1.404,00","1.404,32","-0,05",155.0,217.670,217.670
11.4.2024,"1.405,00","1.405,00","1.405,00","1.405,00","-2,92",149.0,209.345,209.345
09.4.2024,"1.455,00",,,"1.447,31","0,00",0.0,0,0
08.4.2024,"1.455,00",,,"1.447,31","0,00",0.0,0,0
05.4.2024,"1.455,00",,,"1.447,31","0,00",0.0,0,0
04.4.2024,"1.455,00",,,"1.447,31","0,00",0.0,0,0
03.4.2024,"1.455,00",,,"1.447,31","0,00",0.0,0,0
02.4.2024,"1.455,00","1.455,00","1.440,00","1.447,31","-3,45",400.0,578.925,578.925
01.4.2024,"1.499,00","1.499,00","1.499,00","1.499,00","3,02",32.0,47.968,47.968
29.3.2024,"1.455,00",,,"1.455,00","0,00",0.0,0,0
28.3.2024,"1.455,00",,,"1.455,00","0,00",0.0,0,0
27.3.2024,"1.455,00","1.455,00","1.455,00","1.455,00","-3,00",365.0,531.075,531.075
26.3.2024,"1.500,00","1.500,00","1.500,00","1.500,00","-0,95",57.0,85.500,85.500
25.3.2024,"1.535,00","1.535,00","1.510,00","1.514,41","0,96",170.0,257.450,257.450
22.3.2024,"1.500,00","1.500,00","1.500,00","1.500,00","-2,60",379.0,568.500,568.500
21.3.2024,"1.540,00","1.540,00","1.540,00","1.540,00","2,41",51.0,78.540,78.540
20.3.2024,"1.510,00","1.510,00","1.500,00","1.503,69","0,25",103.0,154.880,154.880
19.3.2024,"1.500,00","1.500,00","1.500,00","1.500,00","0,07",200.0,300.000,300.000
18.3.2024,"1.499,00","1.499,00","1.499,00","1.499,00","1,97",15.0,22.485,22.485
15.3.2024,"1.470,00",,,"1.470,00","0,00",0.0,0,0
14.3.2024,"1.470,00",,,"1.470,00","0,00",0.0,0,0
13.3.2024,"1.470,00","1.470,00","1.470,00","1.470,00","-0,43",110.0,161.700,161.700
12.3.2024,"1.455,00","1.500,00","1.455,00","1.476,42","-1,57",385.0,568.420,568.420
11.3.2024,"1.500,00",,,"1.500,00","0,00",0.0,0,0
08.3.2024,"1.500,00","1.500,00","1.500,00","1.500,00","0,27",9.0,13.500,13.500
07.3.2024,"1.500,00","1.500,00","1.470,00","1.495,98","1,70",127.0,189.990,189.990
06.3.2024,"1.471,00",,,"1.471,00","0,00",0.0,0,0
05.3.2024,"1.471,00",,,"1.471,00","0,00",0.0,0,0
04.3.2024,"1.471,00",,,"1.471,00","0,00",0.0,0,0
01.3.2024,"1.471,00","1.471,00","1.471,00","1.471,00","-2,90",31.0,45.601,45.601
29.2.2024,"1.545,00","1.545,00","1.500,00","1.515,00","4,59",150.0,227.250,227.250
28.2.2024,"1.450,00","1.450,00","1.447,00","1.448,46","0,59",886.0,1.283.338,1.283.338
27.2.2024,"1.440,00","1.440,00","1.440,00","1.440,00","-0,62",23.0,33.120,33.120
26.2.2024,"1.449,00",,,"1.449,00","0,00",0.0,0,0
23.2.2024,"1.449,00",,,"1.449,00","0,00",0.0,0,0
22.2.2024,"1.449,00",,,"1.449,00","0,00",0.0,0,0
21.2.2024,"1.449,00",,,"1.449,00","0,00",0.0,0,0
20.2.2024,"1.449,00",,,"1.449,00","0,00",0.0,0,0
19.2.2024,"1.449,00","1.449,00","1.449,00","1.449,00","0,06",8.0,11.592,11.592
16.2.2024,"1.448,00","1.449,00","1.448,00","1.448,16","-0,10",179.0,259.221,259.221
15.2.2024,"1.450,00","1.450,00","1.449,00","1.449,65","3,55",577.0,836.450,836.450
14.2.2024,"1.400,00","1.400,00","1.400,00","1.400,00","-3,38",140.0,196.000,196.000
13.2.2024,"1.449,00",,,"1.449,00","0,00",0.0,0,0
12.2.2024,"1.449,00",,,"1.449,00","0,00",0.0,0,0
09.2.2024,"1.449,00",,,"1.449,00","0,00",0.0,0,0
08.2.2024,"1.449,00","1.449,00","1.449,00","1.449,00","1,39",8.0,11.592,11.592
07.2.2024,"1.430,00",,,"1.429,18","0,00",0.0,0,0
06.2.2024,"1.430,00","1.430,00","1.429,00","1.429,18","-0,06",681.0,973.274,973.274
05.2.2024,"1.430,00","1.430,00","1.430,00","1.430,00","0,14",100.0,143.000,143.000
02.2.2024,"1.430,00",,,"1.428,05","0,00",0.0,0,0
01.2.2024,"1.430,00","1.430,00","1.420,00","1.428,05","0,64",759.0,1.083.890,1.083.890
31.1.2024,"1.419,00","1.419,00","1.419,00","1.419,00","0,27",22.0,31.218,31.218
30.1.2024,"1.419,00","1.419,00","1.400,00","1.415,20","-0,34",25.0,35.380,35.380
29.1.2024,"1.420,00",,,"1.420,00","0,00",0.0,0,0
26.1.2024,"1.420,00",,,"1.420,00","0,00",0.0,0,0
25.1.2024,"1.420,00","1.420,00","1.420,00","1.420,00","-2,00",26.0,36.920,36.920
24.1.2024,"1.449,00",,,"1.449,00","0,00",0.0,0,0
23.1.2024,"1.449,00",,,"1.449,00","0,00",0.0,0,0
22.1.2024,"1.449,00",,,"1.449,00","0,00",0.0,0,0
18.1.2024,"1.449,00","1.449,00","1.449,00","1.449,00","5,73",20.0,28.980,28.980
17.1.2024,"1.365,00",,,"1.370,46","0,00",0.0,0,0
16.1.2024,"1.365,00","1.407,00","1.365,00","1.370,46","-2,60",485.0,664.671,664.671
15.1.2024,"1.407,00",,,"1.407,00","0,00",0.0,0,0
12.1.2024,"1.407,00",,,"1.407,00","0,00",0.0,0,0
11.1.2024,"1.407,00","1.407,00","1.407,00","1.407,00","0,00",10.0,14.070,2.322.957
10.1.2024,"1.407,00",,,"1.407,00","0,00",0.0,0,0
09.1.2024,"1.407,00",,,"1.407,00","0,00",0.0,0,0
05.1.2024,"1.407,00",,,"1.407,00","0,00",0.0,0,0
04.1.2024,"1.407,00",,,"1.407,00","0,00",0.0,0,0
03.1.2024,"1.407,00","1.407,00","1.407,00","1.407,00","-2,97",65.0,91.455,91.455
02.1.2024,"1.450,00",,,"1.450,00","0,00",0.0,0,0
28.12.2023,"1.450,00",,,"1.450,00","0,00",0.0,0,0
27.12.2023,"1.450,00",,,"1.450,00","0,00",0.0,0,0
26.12.2023,"1.450,00",,,"1.450,00","0,00",0.0,0,0
25.12.2023,"1.450,00",,,"1.450,00","0,00",0.0,0,0
22.12.2023,"1.450,00",,,"1.450,00","0,00",0.0,0,0
21.12.2023,"1.450,00","1.450,00","1.450,00","1.450,00","3,57",20.0,29.000,29.000
20.12.2023,"1.400,00","1.400,00","1.400,00","1.400,00","-0,07",2.0,2.800,2.800
19.12.2023,"1.401,00",,,"1.400,92","0,00",0.0,0,0
18.12.2023,"1.401,00","1.401,00","1.400,00","1.400,92","-1,41",242.0,339.022,339.022
15.12.2023,"1.420,00","1.421,00","1.420,00","1.420,90","0,99",648.0,920.743,920.743
14.12.2023,"1.407,00",,,"1.407,00","0,00",0.0,0,0
13.12.2023,"1.407,00","1.407,00","1.407,00","1.407,00","-2,97",1.1,1.547.700,1.547.700
12.12.2023,"1.450,00",,,"1.450,00","0,00",0.0,0,0
11.12.2023,"1.450,00",,,"1.450,00","0,00",0.0,0,0
07.12.2023,"1.450,00","1.450,00","1.450,00","1.450,00","3,57",20.0,29.000,29.000
06.12.2023,"1.400,00","1.400,00","1.400,00","1.400,00","0,07",837.0,1.171.800,1.171.800
05.12.2023,"1.399,00","1.399,00","1.399,00","1.399,00","0,86",1.0,1.399.000,1.399.000
04.12.2023,"1.390,00",,,"1.387,08","0,00",0.0,0,0
01.12.2023,"1.390,00","1.390,00","1.379,00","1.387,08","0,56",214.0,296.835,296.835
30.11.2023,"1.379,00",,,"1.379,33","0,00",0.0,0,0
29.11.2023,"1.379,00",,,"1.379,33","0,00",0.0,0,0
28.11.2023,"1.379,00",,,"1.379,33","0,00",0.0,0,0
27.11.2023,"1.379,00",,,"1.379,33","0,00",0.0,0,0
24.11.2023,"1.379,00","1.380,00","1.379,00","1.379,33","2,17",30.0,41.380,41.380
23.11.2023,"1.350,00",,,"1.350,00","0,00",0.0,0,0
22.11.2023,"1.350,00",,,"1.350,00","0,00",0.0,0,0
21.11.2023,"1.350,00",,,"1.350,00","0,00",0.0,0,0
20.11.2023,"1.350,00",,,"1.350,00","0,00",0.0,0,0
17.11.2023,"1.350,00","1.350,00","1.350,00","1.350,00","-2,10",20.0,27.000,27.000
16.11.2023,"1.379,00","1.379,00","1.379,00","1.379,00","5,27",15.0,20.685,20.685
16.11.2023,"1.379,00","1.379,00","1.379,00","1.379,00","5,27",15.0,20.685,20.685
15.11.2023,"1.310,00",,,"1.310,00","0,00",0.0,0,0
14.11.2023,"1.310,00",,,"1.310,00","0,00",0.0,0,0
13.11.2023,"1.310,00",,,"1.310,00","0,00",0.0,0,0
10.11.2023,"1.310,00",,,"1.310,00","0,00",0.0,0,0
09.11.2023,"1.310,00",,,"1.310,00","0,00",0.0,0,0
08.11.2023,"1.310,00","1.310,00","1.310,00","1.310,00","-2,96",380.0,497.800,497.800
07.11.2023,"1.350,00",,,"1.350,00","0,00",0.0,0,0
06.11.2023,"1.350,00","1.350,00","1.350,00","1.350,00","0,00",49.0,66.150,66.150
03.11.2023,"1.350,00","1.350,00","1.350,00","1.350,00","6,30",33.0,44.550,44.550
02.11.2023,"1.270,00",,,"1.270,00","0,00",0.0,0,0
01.11.2023,"1.270,00","1.270,00","1.270,00","1.270,00","-5,93",2.0,2.540,2.540
31.10.2023,"1.350,00",,,"1.350,00","0,00",0.0,0,0
30.10.2023,"1.350,00",,,"1.350,00","0,00",0.0,0,0
27.10.2023,"1.350,00",,,"1.350,00","0,00",0.0,0,0
26.10.2023,"1.350,00",,,"1.350,00","0,00",0.0,0,0
25.10.2023,"1.350,00",,,"1.350,00","0,00",0.0,0,0
24.10.2023,"1.350,00",,,"1.350,00","0,00",0.0,0,0
20.10.2023,"1.350,00",,,"1.350,00","0,00",0.0,0,0
19.10.2023,"1.350,00","1.350,00","1.350,00","1.350,00","1,50",33.0,44.550,44.550
18.10.2023,"1.330,00","1.330,00","1.330,00","1.330,00","0,00",330.0,438.900,438.900
17.10.2023,"1.330,00","1.330,00","1.330,00","1.330,00","-1,48",11.0,14.630,14.630
16.10.2023,"1.350,00",,,"1.350,00","0,00",0.0,0,0
13.10.2023,"1.350,00","1.350,00","1.350,00","1.350,00","8,00",49.0,66.150,66.150
12.10.2023,"1.250,00",,,"1.250,03","0,00",0.0,0,0
10.10.2023,"1.250,00",,,"1.250,03","0,00",0.0,0,0
09.10.2023,"1.250,00",,,"1.250,03","0,00",0.0,0,0
06.10.2023,"1.250,00",,,"1.250,03","0,00",0.0,0,0
05.10.2023,"1.250,00","1.251,00","1.250,00","1.250,03","-0,01",1.808,2.260.050,16.758.800
04.10.2023,"1.250,00",,,"1.250,15","0,00",0.0,0,0
03.10.2023,"1.250,00",,,"1.250,15","0,00",0.0,0,0
02.10.2023,"1.250,00",,,"1.250,15","0,00",0.0,0,0
29.9.2023,"1.250,00",,,"1.250,15","0,00",0.0,0,0
28.9.2023,"1.250,00","1.251,00","1.250,00","1.250,15","0,01",172.0,215.025,215.025
27.9.2023,"1.250,00",,,"1.250,00","0,00",0.0,0,0
26.9.2023,"1.250,00",,,"1.250,00","0,00",0.0,0,0
25.9.2023,"1.250,00","1.250,00","1.250,00","1.250,00","0,00",3.45,4.312.500,4.312.500
22.9.2023,"1.250,00","1.250,00","1.250,00","1.250,00","1,46",3.002,3.752.500,3.752.500
21.9.2023,"1.232,00",,,"1.232,00","0,00",0.0,0,0
20.9.2023,"1.232,00","1.232,00","1.232,00","1.232,00","0,16",498.0,613.536,613.536
19.9.2023,"1.230,00",,,"1.230,00","0,00",0.0,0,0
18.9.2023,"1.230,00","1.230,00","1.230,00","1.230,00","-1,62",5.0,6.150,6.150
15.9.2023,"1.250,00",,,"1.250,25","0,00",0.0,0,0
14.9.2023,"1.250,00","1.251,00","1.250,00","1.250,25","0,02",190.0,237.547,237.547
13.9.2023,"1.250,00","1.250,00","1.249,00","1.249,95","1,62",525.0,656.225,656.225
12.9.2023,"1.230,00",,,"1.230,00","0,00",0.0,0,0
11.9.2023,"1.230,00",,,"1.230,00","0,00",0.0,0,0
07.9.2023,"1.230,00",,,"1.230,00","0,00",0.0,0,0
06.9.2023,"1.230,00",,,"1.230,00","0,00",0.0,0,0
05.9.2023,"1.230,00",,,"1.230,00","0,00",0.0,0,0
04.9.2023,"1.230,00",,,"1.230,00","0,00",0.0,0,0
01.9.2023,"1.230,00",,,"1.230,00","0,00",0.0,0,0
31.8.2023,"1.230,00",,,"1.230,00","0,00",0.0,0,0
30.8.2023,"1.230,00",,,"1.230,00","0,00",0.0,0,0
29.8.2023,"1.230,00",,,"1.230,00","0,00",0.0,0,0
25.8.2023,"1.230,00","1.230,00","1.230,00","1.230,00","0,00",22.0,27.060,27.060
24.8.2023,"1.230,00",,,"1.230,00","0,00",0.0,0,0
23.8.2023,"1.230,00",,,"1.230,00","0,00",0.0,0,0
22.8.2023,"1.230,00","1.230,00","1.230,00","1.230,00","-0,99",50.0,61.500,61.500
21.8.2023,"1.250,00",,,"1.242,24","0,00",0.0,0,0
18.8.2023,"1.250,00","1.250,00","1.235,00","1.242,24","1,24",1.16,1.441.000,1.441.000
17.8.2023,"1.220,00",,,"1.227,00","0,00",0.0,0,0
16.8.2023,"1.220,00","1.234,00","1.220,00","1.227,00","-0,65",20.0,24.540,24.540
15.8.2023,"1.235,00","1.235,00","1.235,00","1.235,00","1,23",20.0,24.700,24.700
14.8.2023,"1.220,00",,,"1.220,00","0,00",0.0,0,0
11.8.2023,"1.220,00","1.220,00","1.220,00","1.220,00","-1,21",100.0,122.000,122.000
10.8.2023,"1.235,00",,,"1.235,00","0,00",0.0,0,0
09.8.2023,"1.235,00",,,"1.235,00","0,00",0.0,0,0
08.8.2023,"1.235,00",,,"1.235,00","0,00",0.0,0,0
07.8.2023,"1.235,00",,,"1.235,00","0,00",0.0,0,0
04.8.2023,"1.235,00",,,"1.235,00","0,00",0.0,0,0
03.8.2023,"1.235,00",,,"1.235,00","0,00",0.0,0,0
01.8.2023,"1.235,00",,,"1.235,00","0,00",0.0,0,0
31.7.2023,"1.235,00","1.235,00","1.235,00","1.235,00","0,00",58.0,71.630,71.630
28.7.2023,"1.235,00","1.236,00","1.235,00","1.235,06","-1,40",323.0,398.925,398.925
27.7.2023,"1.250,00",,,"1.252,61","0,00",0.0,0,0
26.7.2023,"1.250,00",,,"1.252,61","0,00",0.0,0,0
25.7.2023,"1.250,00",,,"1.252,61","0,00",0.0,0,0
24.7.2023,"1.250,00",,,"1.252,61","0,00",0.0,0,0
21.7.2023,"1.250,00","1.255,00","1.250,00","1.252,61","-0,19",259.0,324.425,324.425
20.7.2023,"1.255,00",,,"1.255,00","0,00",0.0,0,0
19.7.2023,"1.255,00","1.255,00","1.255,00","1.255,00","0,12",33.0,41.415,41.415
18.7.2023,"1.255,00","1.255,00","1.245,00","1.253,54","1,01",460.0,576.630,576.630
17.7.2023,"1.241,00",,,"1.241,00","0,00",0.0,0,0
14.7.2023,"1.241,00","1.241,00","1.241,00","1.241,00","2,99",268.0,332.588,332.588
13.7.2023,"1.205,00",,,"1.205,00","0,00",0.0,0,0
12.7.2023,"1.205,00",,,"1.205,00","0,00",0.0,0,0
11.7.2023,"1.205,00","1.205,00","1.205,00","1.205,00","-3,60",60.0,72.300,72.300
10.7.2023,"1.250,00",,,"1.250,00","0,00",0.0,0,0
07.7.2023,"1.250,00",,,"1.250,00","0,00",0.0,0,0
06.7.2023,"1.250,00",,,"1.250,00","0,00",0.0,0,0
05.7.2023,"1.250,00",,,"1.250,00","0,00",0.0,0,0
04.7.2023,"1.250,00","1.250,00","1.250,00","1.250,00","0,08",319.0,398.750,398.750
03.7.2023,"1.249,00","1.249,00","1.249,00","1.249,00","0,00",87.0,108.663,108.663
30.6.2023,"1.249,00",,,"1.249,00","0,00",0.0,0,0
29.6.2023,"1.249,00","1.249,00","1.249,00","1.249,00","0,00",12.0,14.988,14.988
28.6.2023,"1.249,00","1.249,00","1.249,00","1.249,00","-0,05",10.0,12.490,12.490
27.6.2023,"1.249,00",,,"1.249,60","0,00",0.0,0,0
26.6.2023,"1.249,00","1.250,00","1.249,00","1.249,60","-0,03",117.0,146.203,146.203
23.6.2023,"1.250,00","1.250,00","1.250,00","1.250,00","-3,85",360.0,450.000,450.000
22.6.2023,"1.300,00",,,"1.300,00","0,00",0.0,0,0
21.6.2023,"1.300,00",,,"1.300,00","0,00",0.0,0,0
20.6.2023,"1.300,00","1.300,00","1.300,00","1.300,00","-2,47",10.0,13.000,13.000
19.6.2023,"1.330,00",,,"1.332,95","0,00",0.0,0,0
16.6.2023,"1.330,00",,,"1.332,95","0,00",0.0,0,0
15.6.2023,"1.330,00",,,"1.332,95","0,00",0.0,0,0
14.6.2023,"1.330,00",,,"1.332,95","0,00",0.0,0,0
13.6.2023,"1.330,00",,,"1.332,95","0,00",0.0,0,0
12.6.2023,"1.330,00",,,"1.332,95","0,00",0.0,0,0
09.6.2023,"1.330,00",,,"1.332,95","0,00",0.0,0,0
08.6.2023,"1.330,00",,,"1.332,95","0,00",0.0,0,0
07.6.2023,"1.330,00","1.339,00","1.330,00","1.332,95","0,42",58.0,77.311,77.311
06.6.2023,"1.339,00","1.339,00","1.320,00","1.327,31","-0,95",104.0,138.040,138.040
05.6.2023,"1.340,00",,,"1.340,00","0,00",0.0,0,0
01.6.2023,"1.340,00",,,"1.340,00","0,00",0.0,0,0
31.5.2023,"1.340,00","1.340,00","1.340,00","1.340,00","0,00",65.0,87.100,87.100
30.5.2023,"1.340,00",,,"1.340,00","0,00",0.0,0,0
29.5.2023,"1.340,00","1.340,00","1.340,00","1.340,00","0,83",486.0,651.240,651.240
26.5.2023,"1.329,00","1.329,00","1.329,00","1.329,00","-2,99",5.0,6.645,6.645
25.5.2023,"1.370,00",,,"1.370,00","0,00",0.0,0,0
23.5.2023,"1.370,00",,,"1.370,00","0,00",0.0,0,0
22.5.2023,"1.370,00",,,"1.370,00","0,00",0.0,0,0
19.5.2023,"1.370,00","1.370,00","1.370,00","1.370,00","0,74",5.0,6.850,6.850
18.5.2023,"1.360,00",,,"1.360,00","0,00",0.0,0,0
17.5.2023,"1.360,00",,,"1.360,00","0,00",0.0,0,0
16.5.2023,"1.360,00",,,"1.360,00","0,00",0.0,0,0
15.5.2023,"1.360,00",,,"1.360,00","0,00",0.0,0,0
12.5.2023,"1.360,00",,,"1.360,00","0,00",0.0,0,0
11.5.2023,"1.360,00","1.360,00","1.360,00","1.360,00","-1,09",132.0,179.520,179.520
10.5.2023,"1.375,00","1.375,00","1.375,00","1.375,00","1,04",3.0,4.125,4.125
09.5.2023,"1.360,00",,,"1.360,91","0,00",0.0,0,0
08.5.2023,"1.360,00",,,"1.360,91","0,00",0.0,0,0
05.5.2023,"1.360,00","1.375,00","1.360,00","1.360,91","-1,38",82.0,111.595,111.595
04.5.2023,"1.380,00",,,"1.380,00","0,00",0.0,0,0
03.5.2023,"1.380,00","1.380,00","1.380,00","1.380,00","0,93",15.0,20.700,20.700
02.5.2023,"1.380,00",,,"1.367,22","0,00",0.0,0,0
28.4.2023,"1.380,00","1.380,00","1.360,00","1.367,22","-0,51",108.0,147.660,147.660
27.4.2023,"1.370,00",,,"1.374,22","0,00",0.0,0,0
26.4.2023,"1.370,00",,,"1.374,22","0,00",0.0,0,0
25.4.2023,"1.370,00","1.380,00","1.370,00","1.374,22","-1,17",237.0,325.690,325.690
24.4.2023,"1.395,00",,,"1.390,50","0,00",0.0,0,0
20.4.2023,"1.395,00",,,"1.390,50","0,00",0.0,0,0
19.4.2023,"1.395,00",,,"1.390,50","0,00",0.0,0,0
18.4.2023,"1.395,00",,,"1.390,50","0,00",0.0,0,0
13.4.2023,"1.395,00",,,"1.390,50","0,00",0.0,0,0
12.4.2023,"1.395,00",,,"1.390,50","0,00",0.0,0,0
11.4.2023,"1.395,00",,,"1.390,50","0,00",0.0,0,0
10.4.2023,"1.395,00",,,"1.390,50","0,00",0.0,0,0
07.4.2023,"1.395,00",,,"1.390,50","0,00",0.0,0,0
06.4.2023,"1.395,00",,,"1.390,50","0,00",0.0,0,0
05.4.2023,"1.395,00","1.395,00","1.380,00","1.390,50","0,04",50.0,69.525,69.525
04.4.2023,"1.390,00",,,"1.390,00","0,00",0.0,0,0
03.4.2023,"1.390,00","1.390,00","1.390,00","1.390,00","2,89",60.0,83.400,83.400
31.3.2023,"1.351,00","1.351,00","1.351,00","1.351,00","0,07",600.0,810.600,810.600
30.3.2023,"1.350,00",,,"1.350,00","0,00",0.0,0,0
29.3.2023,"1.350,00",,,"1.350,00","0,00",0.0,0,0
28.3.2023,"1.350,00","1.350,00","1.350,00","1.350,00","-2,88",45.0,60.750,60.750
27.3.2023,"1.390,00",,,"1.390,00","0,00",0.0,0,0
24.3.2023,"1.390,00","1.390,00","1.390,00","1.390,00","2,65",473.0,657.470,657.470
23.3.2023,"1.350,00",,,"1.354,10","0,00",0.0,0,0
22.3.2023,"1.350,00",,,"1.354,10","0,00",0.0,0,0
21.3.2023,"1.350,00","1.360,00","1.350,00","1.354,10","-0,55",847.0,1.146.920,1.146.920
20.3.2023,"1.361,00",,,"1.361,65","0,00",0.0,0,0
17.3.2023,"1.361,00","1.363,00","1.360,00","1.361,65","-1,33",225.0,306.372,306.372
16.3.2023,"1.380,00","1.380,00","1.380,00","1.380,00","-0,38",300.0,414.000,414.000
15.3.2023,"1.380,00",,,"1.385,20","0,00",0.0,0,0
14.3.2023,"1.380,00",,,"1.385,20","0,00",0.0,0,0
13.3.2023,"1.380,00",,,"1.385,20","0,00",0.0,0,0
10.3.2023,"1.380,00","1.400,00","1.380,00","1.385,20","-1,06",358.0,495.900,495.900
09.3.2023,"1.400,00",,,"1.400,00","0,00",0.0,0,0
08.3.2023,"1.400,00","1.400,00","1.400,00","1.400,00","0,00",78.0,109.200,109.200
07.3.2023,"1.400,00","1.400,00","1.400,00","1.400,00","3,49",200.0,280.000,280.000
06.3.2023,"1.400,00","1.400,00","1.350,00","1.352,74","-1,26",3.79,5.126.900,5.126.900
03.3.2023,"1.370,00",,,"1.370,00","0,00",0.0,0,0
02.3.2023,"1.370,00",,,"1.370,00","0,00",0.0,0,0
01.3.2023,"1.370,00",,,"1.370,00","0,00",0.0,0,0
28.2.2023,"1.370,00",,,"1.370,00","0,00",0.0,0,0
27.2.2023,"1.370,00","1.370,00","1.370,00","1.370,00","0,00",169.0,231.530,231.530
24.2.2023,"1.370,00",,,"1.370,00","0,00",0.0,0,0
23.2.2023,"1.370,00",,,"1.370,00","0,00",0.0,0,0
22.2.2023,"1.370,00",,,"1.370,00","0,00",0.0,0,0
21.2.2023,"1.370,00",,,"1.370,00","0,00",0.0,0,0
20.2.2023,"1.370,00",,,"1.370,00","0,00",0.0,0,0
17.2.2023,"1.370,00",,,"1.370,00","0,00",0.0,0,0
16.2.2023,"1.370,00",,,"1.370,00","0,00",0.0,0,0
15.2.2023,"1.370,00","1.370,00","1.370,00","1.370,00","0,00",81.0,110.970,110.970
14.2.2023,"1.370,00","1.370,00","1.370,00","1.370,00","0,00",21.0,28.770,28.770
13.2.2023,"1.370,00",,,"1.370,00","0,00",0.0,0,0
10.2.2023,"1.370,00",,,"1.370,00","0,00",0.0,0,0
09.2.2023,"1.370,00",,,"1.370,00","0,00",0.0,0,0
08.2.2023,"1.370,00",,,"1.370,00","0,00",0.0,0,0
07.2.2023,"1.370,00",,,"1.370,00","0,00",0.0,0,0
06.2.2023,"1.370,00","1.370,00","1.370,00","1.370,00","0,00",25.0,34.250,34.250
03.2.2023,"1.370,00",,,"1.370,00","0,00",0.0,0,0
02.2.2023,"1.370,00","1.370,00","1.370,00","1.370,00","0,00",15.0,20.550,20.550
01.2.2023,"1.370,00",,,"1.370,00","0,00",0.0,0,0
31.1.2023,"1.370,00","1.370,00","1.370,00","1.370,00","-1,08",50.0,68.500,68.500
30.1.2023,"1.400,00",,,"1.385,00","0,00",0.0,0,0
27.1.2023,"1.400,00","1.400,00","1.370,00","1.385,00","1,47",40.0,55.400,55.400
26.1.2023,"1.370,00",,,"1.365,00","0,00",0.0,0,0
25.1.2023,"1.370,00",,,"1.365,00","0,00",0.0,0,0
24.1.2023,"1.370,00","1.370,00","1.350,00","1.365,00","-0,36",40.0,54.600,54.600
23.1.2023,"1.370,00","1.370,00","1.370,00","1.370,00","-1,79",40.0,54.800,54.800
20.1.2023,"1.395,00",,,"1.395,00","0,00",0.0,0,0
18.1.2023,"1.395,00",,,"1.395,00","0,00",0.0,0,0
17.1.2023,"1.395,00",,,"1.395,00","0,00",0.0,0,0
16.1.2023,"1.395,00","1.395,00","1.395,00","1.395,00","3,33",15.0,20.925,20.925
13.1.2023,"1.350,00",,,"1.350,00","0,00",0.0,0,0
12.1.2023,"1.350,00","1.350,00","1.350,00","1.350,00","-0,37",15.0,20.250,20.250
11.1.2023,"1.355,00",,,"1.355,00","0,00",0.0,0,0
10.1.2023,"1.355,00",,,"1.355,00","0,00",0.0,0,0
09.1.2023,"1.355,00",,,"1.355,00","0,00",0.0,0,0
05.1.2023,"1.355,00",,,"1.355,00","0,00",0.0,0,0
04.1.2023,"1.355,00",,,"1.355,00","0,00",0.0,0,0
03.1.2023,"1.355,00",,,"1.355,00","0,00",0.0,0,0
29.12.2022,"1.355,00",,,"1.355,00","0,00",0.0,0,0
28.12.2022,"1.355,00",,,"1.355,00","0,00",0.0,0,0
27.12.2022,"1.355,00",,,"1.355,00","0,00",0.0,0,0
26.12.2022,"1.355,00",,,"1.355,00","0,00",0.0,0,0
23.12.2022,"1.355,00",,,"1.355,00","0,00",0.0,0,0
22.12.2022,"1.355,00",,,"1.355,00","0,00",0.0,0,0
21.12.2022,"1.355,00","1.355,00","1.355,00","1.355,00","0,15",70.0,94.850,94.850
20.12.2022,"1.353,00",,,"1.353,00","0,00",0.0,0,0
19.12.2022,"1.353,00",,,"1.353,00","0,00",0.0,0,0
16.12.2022,"1.353,00",,,"1.353,00","0,00",0.0,0,0
15.12.2022,"1.353,00",,,"1.353,00","0,00",0.0,0,0
14.12.2022,"1.353,00",,,"1.353,00","0,00",0.0,0,0
13.12.2022,"1.353,00","1.353,00","1.353,00","1.353,00","-5,65",15.0,20.295,20.295
12.12.2022,"1.434,00",,,"1.434,00","0,00",0.0,0,0
09.12.2022,"1.434,00",,,"1.434,00","0,00",0.0,0,0
07.12.2022,"1.434,00","1.434,00","1.434,00","1.434,00","5,44",10.0,14.340,14.340
06.12.2022,"1.360,00",,,"1.360,00","0,00",0.0,0,0
05.12.2022,"1.360,00",,,"1.360,00","0,00",0.0,0,0
02.12.2022,"1.360,00",,,"1.360,00","0,00",0.0,0,0
01.12.2022,"1.360,00",,,"1.360,00","0,00",0.0,0,0
30.11.2022,"1.360,00",,,"1.360,00","0,00",0.0,0,0
29.11.2022,"1.360,00",,,"1.360,00","0,00",0.0,0,0
28.11.2022,"1.360,00",,,"1.360,00","0,00",0.0,0,0
25.11.2022,"1.360,00",,,"1.360,00","0,00",0.0,0,0
24.11.2022,"1.360,00",,,"1.360,00","0,00",0.0,0,0
23.11.2022,"1.360,00",,,"1.360,00","0,00",0.0,0,0
22.11.2022,"1.360,00",,,"1.360,00","0,00",0.0,0,0
21.11.2022,"1.360,00",,,"1.360,00","0,00",0.0,0,0
18.11.2022,"1.360,00",,,"1.360,00","0,00",0.0,0,0
17.11.2022,"1.360,00",,,"1.360,00","0,00",0.0,0,0
17.11.2022,"1.360,00",,,"1.360,00","0,00",0.0,0,0
16.11.2022,"1.360,00",,,"1.360,00","0,00",0.0,0,0
15.11.2022,"1.360,00",,,"1.360,00","0,00",0.0,0,0
14.11.2022,"1.360,00","1.360,00","1.360,00","1.360,00","0,00",20.0,27.200,27.200
11.11.2022,"1.360,00",,,"1.360,00","0,00",0.0,0,0
10.11.2022,"1.360,00",,,"1.360,00","0,00",0.0,0,0
09.11.2022,"1.360,00",,,"1.360,00","0,00",0.0,0,0
08.11.2022,"1.360,00","1.360,00","1.360,00","1.360,00","-2,86",70.0,95.200,95.200
07.11.2022,"1.400,00",,,"1.400,00","0,00",0.0,0,0
04.11.2022,"1.400,00",,,"1.400,00","0,00",0.0,0,0
03.11.2022,"1.400,00",,,"1.400,00","0,00",0.0,0,0
02.11.2022,"1.400,00",,,"1.400,00","0,00",0.0,0,0
01.11.2022,"1.400,00",,,"1.400,00","0,00",0.0,0,0
31.10.2022,"1.400,00",,,"1.400,00","0,00",0.0,0,0
28.10.2022,"1.400,00",,,"1.400,00","0,00",0.0,0,0
27.10.2022,"1.400,00",,,"1.400,00","0,00",0.0,0,0
26.10.2022,"1.400,00","1.400,00","1.400,00","1.400,00","4,24",5.0,7.000,7.000
25.10.2022,"1.343,00","1.343,00","1.343,00","1.343,00","-2,96",5.0,6.715,6.715
21.10.2022,"1.385,00",,,"1.384,14","0,00",0.0,0,0
20.10.2022,"1.385,00",,,"1.384,14","0,00",0.0,0,0
19.10.2022,"1.385,00",,,"1.384,14","0,00",0.0,0,0
18.10.2022,"1.385,00",,,"1.384,14","0,00",0.0,0,0
17.10.2022,"1.385,00","1.385,00","1.380,00","1.384,14","-0,07",638.0,883.080,883.080
14.10.2022,"1.385,00",,,"1.385,00","0,00",0.0,0,0
13.10.2022,"1.385,00","1.385,00","1.385,00","1.385,00","-1,00",250.0,346.250,346.250
12.10.2022,"1.399,00",,,"1.399,00","0,00",0.0,0,0
10.10.2022,"1.399,00",,,"1.399,00","0,00",0.0,0,0
07.10.2022,"1.399,00","1.399,00","1.399,00","1.399,00","1,01",21.0,29.379,29.379
06.10.2022,"1.389,00",,,"1.384,62","0,00",0.0,0,0
05.10.2022,"1.389,00",,,"1.384,62","0,00",0.0,0,0
04.10.2022,"1.389,00","1.389,00","1.381,00","1.384,62","0,36",1.426,1.974.467,1.974.467
03.10.2022,"1.380,00",,,"1.380,00","0,00",0.0,0,0
30.9.2022,"1.380,00","1.380,00","1.380,00","1.380,00","0,00",65.0,89.700,89.700
29.9.2022,"1.380,00",,,"1.380,00","0,00",0.0,0,0
28.9.2022,"1.380,00",,,"1.380,00","0,00",0.0,0,0
27.9.2022,"1.380,00",,,"1.380,00","0,00",0.0,0,0
26.9.2022,"1.380,00","1.380,00","1.380,00","1.380,00","0,00",100.0,138.000,138.000
23.9.2022,"1.380,00","1.380,00","1.380,00","1.380,00","-0,14",300.0,414.000,414.000
22.9.2022,"1.380,00",,,"1.381,67","0,00",0.0,0,0
21.9.2022,"1.380,00","1.385,00","1.380,00","1.381,67","0,14",210.0,290.150,290.150
20.9.2022,"1.380,00","1.380,00","1.380,00","1.380,00","-0,86",60.0,82.800,82.800
19.9.2022,"1.380,00",,,"1.392,21","0,00",0.0,0,0
16.9.2022,"1.380,00","1.399,00","1.380,00","1.392,21","0,87",140.0,194.910,194.910
15.9.2022,"1.380,00",,,"1.379,98","0,00",0.0,0,0
14.9.2022,"1.380,00","1.380,00","1.379,00","1.379,98","1,47",3.42,4.719.519,4.719.519
13.9.2022,"1.360,00","1.360,00","1.360,00","1.360,00","-1,45",19.0,25.840,25.840
12.9.2022,"1.399,00",,,"1.380,19","0,00",0.0,0,28.498.500
09.9.2022,"1.399,00",,,"1.380,19","0,00",0.0,0,0
07.9.2022,"1.399,00",,,"1.380,19","0,00",0.0,0,0
06.9.2022,"1.399,00",,,"1.380,19","0,00",0.0,0,0
05.9.2022,"1.399,00",,,"1.380,19","0,00",0.0,0,0
02.9.2022,"1.399,00",,,"1.380,19","0,00",0.0,0,0
01.9.2022,"1.399,00",,,"1.380,19","0,00",0.0,0,0
31.8.2022,"1.399,00",,,"1.380,19","0,00",0.0,0,0
30.8.2022,"1.399,00",,,"1.380,19","0,00",0.0,0,0
29.8.2022,"1.399,00","1.399,00","1.380,00","1.380,19","0,00",1.01,1.393.990,1.393.990
26.8.2022,"1.380,00","1.380,00","1.380,00","1.380,00","0,00",99.0,136.620,136.620
25.8.2022,"1.380,00",,,"1.380,00","0,00",0.0,0,0
24.8.2022,"1.380,00","1.380,00","1.380,00","1.380,00","-1,43",300.0,414.000,414.000
23.8.2022,"1.400,00",,,"1.400,00","0,00",0.0,0,0
22.8.2022,"1.400,00",,,"1.400,00","0,00",0.0,0,0
19.8.2022,"1.400,00",,,"1.400,00","0,00",0.0,0,0
18.8.2022,"1.400,00",,,"1.400,00","0,00",0.0,0,0
17.8.2022,"1.400,00",,,"1.400,00","0,00",0.0,0,0
16.8.2022,"1.400,00",,,"1.400,00","0,00",0.0,0,0
15.8.2022,"1.400,00",,,"1.400,00","0,00",0.0,0,0
12.8.2022,"1.400,00","1.400,00","1.400,00","1.400,00","0,00",82.0,114.800,114.800
11.8.2022,"1.400,00",,,"1.400,00","0,00",0.0,0,0
10.8.2022,"1.400,00",,,"1.400,00","0,00",0.0,0,0
09.8.2022,"1.400,00",,,"1.400,00","0,00",0.0,0,0
08.8.2022,"1.400,00",,,"1.400,00","0,00",0.0,0,0
05.8.2022,"1.400,00",,,"1.400,00","0,00",0.0,0,0
04.8.2022,"1.400,00",,,"1.400,00","0,00",0.0,0,0
03.8.2022,"1.400,00",,,"1.400,00","0,00",0.0,0,0
01.8.2022,"1.400,00",,,"1.400,00","0,00",0.0,0,0
29.7.2022,"1.400,00",,,"1.400,00","0,00",0.0,0,0
28.7.2022,"1.400,00",,,"1.400,00","0,00",0.0,0,0
27.7.2022,"1.400,00","1.400,00","1.400,00","1.400,00","-2,10",10.0,14.000,14.000
26.7.2022,"1.430,00",,,"1.430,00","0,00",0.0,0,0
25.7.2022,"1.430,00",,,"1.430,00","0,00",0.0,0,0
22.7.2022,"1.430,00",,,"1.430,00","0,00",0.0,0,0
21.7.2022,"1.430,00",,,"1.430,00","0,00",0.0,0,0
20.7.2022,"1.430,00",,,"1.430,00","0,00",0.0,0,0
19.7.2022,"1.430,00",,,"1.430,00","0,00",0.0,0,0
18.7.2022,"1.430,00",,,"1.430,00","0,00",0.0,0,0
15.7.2022,"1.430,00",,,"1.430,00","0,00",0.0,0,0
14.7.2022,"1.430,00",,,"1.430,00","0,00",0.0,0,0
13.7.2022,"1.430,00",,,"1.430,00","0,00",0.0,0,0
12.7.2022,"1.430,00",,,"1.430,00","0,00",0.0,0,0
11.7.2022,"1.430,00",,,"1.430,00","0,00",0.0,0,0
08.7.2022,"1.430,00","1.430,00","1.430,00","1.430,00","0,00",20.0,28.600,28.600
07.7.2022,"1.430,00",,,"1.430,00","0,00",0.0,0,0
06.7.2022,"1.430,00","1.430,00","1.430,00","1.430,00","0,00",21.0,30.030,30.030
05.7.2022,"1.430,00",,,"1.430,00","0,00",0.0,0,0
04.7.2022,"1.430,00",,,"1.430,00","0,00",0.0,0,0
01.7.2022,"1.430,00","1.430,00","1.430,00","1.430,00","0,63",450.0,643.500,643.500
30.6.2022,"1.430,00",,,"1.420,73","0,00",0.0,0,0
29.6.2022,"1.430,00",,,"1.420,73","0,00",0.0,0,0
28.6.2022,"1.430,00","1.430,00","1.400,00","1.420,73","5,26",579.0,822.600,822.600
27.6.2022,"1.350,00","1.350,00","1.350,00","1.350,00","-2,17",148.0,199.800,199.800
24.6.2022,"1.380,00",,,"1.380,00","0,00",0.0,0,0
23.6.2022,"1.380,00",,,"1.380,00","0,00",0.0,0,0
22.6.2022,"1.380,00",,,"1.380,00","0,00",0.0,0,0
21.6.2022,"1.380,00",,,"1.380,00","0,00",0.0,0,0
20.6.2022,"1.380,00",,,"1.380,00","0,00",0.0,0,0
17.6.2022,"1.380,00","1.380,00","1.380,00","1.380,00","-1,43",2.0,2.760,2.760
16.6.2022,"1.400,00",,,"1.400,00","0,00",0.0,0,0
15.6.2022,"1.400,00",,,"1.400,00","0,00",0.0,0,0
14.6.2022,"1.400,00",,,"1.400,00","0,00",0.0,0,0
13.6.2022,"1.400,00",,,"1.400,00","0,00",0.0,0,0
09.6.2022,"1.400,00","1.400,00","1.400,00","1.400,00","0,00",150.0,210.000,210.000
08.6.2022,"1.400,00",,,"1.400,00","0,00",0.0,0,0
07.6.2022,"1.400,00",,,"1.400,00","0,00",0.0,0,0
06.6.2022,"1.400,00",,,"1.400,00","0,00",0.0,0,0
03.6.2022,"1.400,00",,,"1.400,00","0,00",0.0,0,0
02.6.2022,"1.400,00","1.400,00","1.400,00","1.400,00","3,70",403.0,564.200,564.200
01.6.2022,"1.350,00",,,"1.350,00","0,00",0.0,0,0
31.5.2022,"1.350,00",,,"1.350,00","0,00",0.0,0,0
30.5.2022,"1.350,00",,,"1.350,00","0,00",0.0,0,0
27.5.2022,"1.350,00",,,"1.350,00","0,00",0.0,0,0
26.5.2022,"1.350,00","1.350,00","1.350,00","1.350,00","-3,57",85.0,114.750,114.750
25.5.2022,"1.400,00","1.400,00","1.400,00","1.400,00","2,94",3.0,4.200,4.200
23.5.2022,"1.360,00",,,"1.360,00","0,00",0.0,0,0
20.5.2022,"1.360,00",,,"1.360,00","0,00",0.0,0,0
19.5.2022,"1.360,00",,,"1.360,00","0,00",0.0,0,0
18.5.2022,"1.360,00",,,"1.360,00","0,00",0.0,0,0
17.5.2022,"1.360,00","1.360,00","1.360,00","1.360,00","0,00",372.0,505.920,505.920
16.5.2022,"1.360,00","1.360,00","1.360,00","1.360,00","-2,30",340.0,462.400,10.662.400
13.5.2022,"1.399,00","1.399,00","1.350,00","1.391,65","-0,57",100.0,139.165,139.165
12.5.2022,"1.400,00","1.400,00","1.400,00","1.400,00","0,07",157.0,219.800,219.800
11.5.2022,"1.400,00",,,"1.398,57","0,00",0.0,0,0
10.5.2022,"1.400,00",,,"1.398,57","0,00",0.0,0,0
09.5.2022,"1.400,00","1.400,00","1.395,00","1.398,57","1,38",140.0,195.800,195.800
06.5.2022,"1.380,00","1.380,00","1.380,00","1.380,00","0,00",100.0,138.000,138.000
05.5.2022,"1.380,00","1.380,00","1.380,00","1.380,00","0,29",103.0,142.140,142.140
04.5.2022,"1.380,00","1.380,00","1.374,00","1.376,34","1,93",82.0,112.860,112.860
03.5.2022,"1.350,00",,,"1.350,00","0,00",0.0,0,0
29.4.2022,"1.350,00","1.350,00","1.350,00","1.350,00","0,00",88.0,118.800,118.800
28.4.2022,"1.350,00",,,"1.350,00","0,00",0.0,0,0
27.4.2022,"1.350,00",,,"1.350,00","0,00",0.0,0,0
26.4.2022,"1.350,00","1.350,00","1.350,00","1.350,00","0,00",81.0,109.350,109.350
21.4.2022,"1.350,00",,,"1.350,00","0,00",0.0,0,0
20.4.2022,"1.350,00","1.350,00","1.350,00","1.350,00","-2,17",879.0,1.186.650,1.186.650
19.4.2022,"1.380,00",,,"1.380,00","0,00",0.0,0,0
18.4.2022,"1.380,00",,,"1.380,00","0,00",0.0,0,0
15.4.2022,"1.380,00","1.380,00","1.380,00","1.380,00","-0,07",775.0,1.069.500,1.069.500
14.4.2022,"1.381,00","1.381,00","1.380,00","1.380,94","0,07",2.19,3.024.260,3.024.260
13.4.2022,"1.380,00",,,"1.380,00","0,00",0.0,0,0
12.4.2022,"1.380,00","1.380,00","1.380,00","1.380,00","-0,24",220.0,303.600,303.600
11.4.2022,"1.400,00","1.400,00","1.380,00","1.383,34","-0,57",299.0,413.620,413.620
08.4.2022,"1.400,00",,,"1.391,22","0,00",0.0,0,0
07.4.2022,"1.400,00",,,"1.391,22","0,00",0.0,0,0
06.4.2022,"1.400,00",,,"1.391,22","0,00",0.0,0,0
05.4.2022,"1.400,00","1.400,00","1.390,00","1.391,22","0,09",148.0,205.900,205.900
04.4.2022,"1.390,00","1.390,00","1.390,00","1.390,00","0,03",125.0,173.750,173.750
01.4.2022,"1.390,00","1.390,00","1.330,00","1.389,62","-0,03",315.0,437.730,437.730
31.3.2022,"1.390,00","1.390,00","1.390,00","1.390,00","0,00",212.0,294.680,294.680
30.3.2022,"1.390,00",,,"1.390,00","0,00",0.0,0,0
29.3.2022,"1.390,00","1.390,00","1.390,00","1.390,00","1,46",599.0,832.610,832.610
28.3.2022,"1.370,00",,,"1.370,00","0,00",0.0,0,0
25.3.2022,"1.370,00",,,"1.370,00","0,00",0.0,0,0
24.3.2022,"1.370,00","1.370,00","1.370,00","1.370,00","0,07",575.0,787.750,787.750
23.3.2022,"1.369,00","1.369,00","1.369,00","1.369,00","0,13",122.0,167.018,167.018
22.3.2022,"1.369,00","1.369,00","1.365,00","1.367,23","1,54",1.83,2.502.022,8.036.889
21.3.2022,"1.340,00",,,"1.346,44","0,00",0.0,0,0
18.3.2022,"1.340,00","1.369,00","1.340,00","1.346,44","-1,65",9.0,12.118,12.118
17.3.2022,"1.369,00",,,"1.369,00","0,00",0.0,0,0
16.3.2022,"1.369,00","1.369,00","1.369,00","1.369,00","0,00",67.0,91.723,91.723
15.3.2022,"1.369,00","1.369,00","1.369,00","1.369,00","-0,01",6.0,8.214,8.214
14.3.2022,"1.370,00",,,"1.369,12","0,00",0.0,0,0
11.3.2022,"1.370,00","1.370,00","1.350,00","1.369,12","4,81",1.09,1.492.340,4.232.340
10.3.2022,"1.260,00",,,"1.306,33","0,00",0.0,0,0
09.3.2022,"1.260,00",,,"1.306,33","0,00",0.0,0,0
08.3.2022,"1.260,00",,,"1.306,33","0,00",0.0,0,0
07.3.2022,"1.260,00","1.312,00","1.260,00","1.306,33","-3,38",110.0,143.696,143.696
04.3.2022,"1.352,00","1.352,00","1.352,00","1.352,00","-2,98",15.0,20.280,20.280
03.3.2022,"1.399,00",,,"1.393,55","0,00",0.0,0,0
02.3.2022,"1.399,00",,,"1.393,55","0,00",0.0,0,0
01.3.2022,"1.399,00",,,"1.393,55","0,00",0.0,0,0
28.2.2022,"1.399,00",,,"1.393,55","0,00",0.0,0,0
25.2.2022,"1.399,00","1.399,00","1.390,00","1.393,55","6,38",743.0,1.035.407,1.035.407
24.2.2022,"1.310,00",,,"1.310,00","0,00",0.0,0,0
23.2.2022,"1.310,00","1.310,00","1.310,00","1.310,00","-0,02",35.0,45.850,45.850
22.2.2022,"1.310,00","1.311,00","1.310,00","1.310,21","-2,95",1.515,1.984.962,11.259.762
21.2.2022,"1.350,00",,,"1.350,00","0,00",0.0,0,0
18.2.2022,"1.350,00","1.350,00","1.350,00","1.350,00","1,51",100.0,135.000,135.000
17.2.2022,"1.300,00",,,"1.329,96","0,00",0.0,0,0
16.2.2022,"1.300,00",,,"1.329,96","0,00",0.0,0,0
15.2.2022,"1.300,00",,,"1.329,96","0,00",0.0,0,0
14.2.2022,"1.300,00","1.365,00","1.300,00","1.329,96","-4,32",126.0,167.575,167.575
11.2.2022,"1.390,00",,,"1.390,00","0,00",0.0,0,0
10.2.2022,"1.390,00","1.390,00","1.390,00","1.390,00","0,72",50.0,69.500,69.500
09.2.2022,"1.380,00","1.380,00","1.380,00","1.380,00","2,02",40.0,55.200,55.200
08.2.2022,"1.356,00","1.356,00","1.350,00","1.352,69","-0,39",260.0,351.700,351.700
07.2.2022,"1.358,00",,,"1.358,00","0,00",0.0,0,0
04.2.2022,"1.358,00","1.358,00","1.358,00","1.358,00","-2,93",40.0,54.320,54.320
03.2.2022,"1.399,00","1.399,00","1.399,00","1.399,00","-0,57",10.0,13.990,13.990
02.2.2022,"1.407,00",,,"1.407,00","0,00",0.0,0,0
01.2.2022,"1.407,00","1.407,00","1.407,00","1.407,00","-2,97",160.0,225.120,225.120
31.1.2022,"1.450,00",,,"1.450,00","0,00",0.0,0,0
28.1.2022,"1.450,00","1.450,00","1.450,00","1.450,00","6,62",14.0,20.300,20.300
27.1.2022,"1.360,00",,,"1.360,00","0,00",0.0,0,0
26.1.2022,"1.360,00",,,"1.360,00","0,00",0.0,0,0
25.1.2022,"1.360,00","1.360,00","1.360,00","1.360,00","-0,36",20.0,27.200,27.200
24.1.2022,"1.360,00","1.400,00","1.359,00","1.364,90","-2,51",977.0,1.333.507,1.333.507
21.1.2022,"1.400,00","1.400,00","1.400,00","1.400,00","-2,78",20.0,28.000,28.000
20.1.2022,"1.440,00","1.440,00","1.440,00","1.440,00","-0,50",100.0,144.000,144.000
18.1.2022,"1.449,00","1.449,00","1.440,00","1.447,28","-0,20",359.0,519.575,519.575
17.1.2022,"1.449,00","1.451,00","1.449,00","1.450,15","-0,06",943.0,1.367.487,1.367.487
14.1.2022,"1.451,00",,,"1.451,00","0,00",0.0,0,0
13.1.2022,"1.451,00","1.451,00","1.451,00","1.451,00","0,07",27.0,39.177,39.177
12.1.2022,"1.450,00","1.450,00","1.450,00","1.450,00","1,40",400.0,580.000,580.000
11.1.2022,"1.430,00","1.430,00","1.430,00","1.430,00","0,00",150.0,214.500,214.500
10.1.2022,"1.430,00",,,"1.430,00","0,00",0.0,0,0
05.1.2022,"1.430,00",,,"1.430,00","0,00",0.0,0,0
04.1.2022,"1.430,00","1.430,00","1.430,00","1.430,00","0,00",3.0,4.290,4.290
03.1.2022,"1.430,00",,,"1.430,00","0,00",0.0,0,0
30.12.2021,"1.430,00",,,"1.430,00","0,00",0.0,0,0
29.12.2021,"1.430,00",,,"1.430,00","0,00",0.0,0,0
28.12.2021,"1.430,00","1.430,00","1.430,00","1.430,00","2,15",87.0,124.410,124.410
27.12.2021,"1.400,00","1.400,00","1.399,00","1.399,92","0,72",357.0,499.772,499.772
24.12.2021,"1.358,00","1.399,00","1.358,00","1.389,90","-0,65",293.0,407.242,407.242
23.12.2021,"1.399,00","1.399,00","1.399,00","1.399,00","-0,07",383.0,535.817,535.817
22.12.2021,"1.400,00",,,"1.400,00","0,00",0.0,0,0
21.12.2021,"1.400,00","1.400,00","1.400,00","1.400,00","7,28",70.0,98.000,98.000
20.12.2021,"1.305,00",,,"1.305,00","0,00",0.0,0,0
17.12.2021,"1.305,00",,,"1.305,00","0,00",0.0,0,0
16.12.2021,"1.305,00",,,"1.305,00","0,00",0.0,0,0
15.12.2021,"1.305,00","1.305,00","1.305,00","1.305,00","-6,79",306.0,399.330,399.330
14.12.2021,"1.400,00","1.400,00","1.400,00","1.400,00","0,06",51.0,71.400,71.400
13.12.2021,"1.400,00","1.400,00","1.399,00","1.399,12","0,01",432.0,604.418,604.418
10.12.2021,"1.399,00",,,"1.399,00","0,00",0.0,0,0
09.12.2021,"1.399,00",,,"1.399,00","0,00",0.0,0,0
07.12.2021,"1.399,00","1.399,00","1.399,00","1.399,00","-0,07",5.0,6.995,6.995
06.12.2021,"1.400,00","1.400,00","1.400,00","1.400,00","-0,01",500.0,700.000,700.000
03.12.2021,"1.400,00",,,"1.400,15","0,00",0.0,0,0
02.12.2021,"1.400,00","1.405,00","1.400,00","1.400,15","-1,03",103.0,144.215,144.215
01.12.2021,"1.405,00",,,"1.414,67","0,00",0.0,0,0
30.11.2021,"1.405,00","1.420,00","1.405,00","1.414,67","0,33",90.0,127.320,127.320
29.11.2021,"1.410,00","1.410,00","1.410,00","1.410,00","0,00",42.0,59.220,59.220
26.11.2021,"1.410,00",,,"1.410,00","0,00",0.0,0,0
25.11.2021,"1.410,00",,,"1.410,00","0,00",0.0,0,0
24.11.2021,"1.410,00",,,"1.410,00","0,00",0.0,0,0
23.11.2021,"1.410,00",,,"1.410,00","0,00",0.0,0,0
22.11.2021,"1.410,00",,,"1.410,00","0,00",0.0,0,0
19.11.2021,"1.410,00","1.410,00","1.410,00","1.410,00","-0,24",1.526,2.151.660,2.151.660
18.11.2021,"1.430,00",,,"1.413,45","0,00",0.0,0,0
18.11.2021,"1.430,00",,,"1.413,45","0,00",0.0,0,0
17.11.2021,"1.430,00",,,"1.413,45","0,00",0.0,0,0
16.11.2021,"1.430,00",,,"1.413,45","0,00",0.0,0,0
15.11.2021,"1.430,00",,,"1.413,45","0,00",0.0,0,0
12.11.2021,"1.430,00","1.430,00","1.400,00","1.413,45","0,96",203.0,286.930,286.930
11.11.2021,"1.400,00","1.400,00","1.400,00","1.400,00","-0,71",48.0,67.200,67.200
10.11.2021,"1.410,00","1.410,00","1.410,00","1.410,00","0,13",143.0,201.630,201.630
09.11.2021,"1.400,00",,,"1.408,14","0,00",0.0,0,0
08.11.2021,"1.400,00","1.430,00","1.400,00","1.408,14","-2,21",472.0,664.640,664.640
05.11.2021,"1.440,00","1.440,00","1.440,00","1.440,00","2,13",5.0,7.200,7.200
04.11.2021,"1.410,00",,,"1.410,00","0,00",0.0,0,0
03.11.2021,"1.410,00",,,"1.410,00","0,00",0.0,0,0
02.11.2021,"1.410,00","1.410,00","1.410,00","1.410,00","-6,00",10.0,14.100,14.100
01.11.2021,"1.500,00","1.500,00","1.500,00","1.500,00","0,00",5.0,7.500,7.500
29.10.2021,"1.500,00",,,"1.500,00","0,00",0.0,0,0
28.10.2021,"1.500,00","1.500,00","1.500,00","1.500,00","-2,28",10.0,15.000,15.000
27.10.2021,"1.535,00",,,"1.535,00","0,00",0.0,0,0
26.10.2021,"1.535,00",,,"1.535,00","0,00",0.0,0,0
25.10.2021,"1.535,00",,,"1.535,00","0,00",0.0,0,0
22.10.2021,"1.535,00","1.535,00","1.535,00","1.535,00","2,72",5.0,7.675,7.675
21.10.2021,"1.540,00","1.540,00","1.451,00","1.494,37","6,74",256.0,382.559,382.559
20.10.2021,"1.400,00",,,"1.400,00","0,00",0.0,0,0
19.10.2021,"1.400,00",,,"1.400,00","0,00",0.0,0,0
18.10.2021,"1.400,00",,,"1.400,00","0,00",0.0,0,0
15.10.2021,"1.400,00",,,"1.400,00","0,00",0.0,0,0
14.10.2021,"1.400,00","1.400,00","1.400,00","1.400,00","-0,05",152.0,212.800,212.800
13.10.2021,"1.400,00","1.410,00","1.399,00","1.400,77","1,51",1.3,1.821.000,1.821.000
12.10.2021,"1.380,00","1.380,00","1.380,00","1.380,00","-1,43",109.0,150.420,150.420
08.10.2021,"1.400,00","1.400,00","1.400,00","1.400,00","0,00",9.0,12.600,12.600
07.10.2021,"1.400,00","1.400,00","1.400,00","1.400,00","0,00",82.0,114.800,114.800
06.10.2021,"1.400,00",,,"1.400,00","0,00",0.0,0,0
05.10.2021,"1.400,00","1.400,00","1.400,00","1.400,00","0,00",300.0,420.000,420.000
04.10.2021,"1.400,00","1.400,00","1.400,00","1.400,00","-0,71",151.0,211.400,211.400
01.10.2021,"1.410,00",,,"1.410,00","0,00",0.0,0,0
30.9.2021,"1.410,00","1.410,00","1.410,00","1.410,00","0,00",212.0,298.920,298.920
29.9.2021,"1.410,00","1.410,00","1.410,00","1.410,00","0,00",100.0,141.000,141.000
28.9.2021,"1.410,00","1.410,00","1.410,00","1.410,00","0,00",100.0,141.000,141.000
27.9.2021,"1.410,00","1.410,00","1.410,00","1.410,00","0,00",179.0,252.390,252.390
24.9.2021,"1.410,00","1.410,00","1.410,00","1.410,00","0,00",14.0,19.740,19.740
23.9.2021,"1.410,00",,,"1.410,00","0,00",0.0,0,0
22.9.2021,"1.410,00","1.410,00","1.410,00","1.410,00","0,00",271.0,382.110,382.110
21.9.2021,"1.410,00","1.410,00","1.410,00","1.410,00","-2,63",705.0,994.050,994.050
20.9.2021,"1.450,00",,,"1.448,04","0,00",0.0,0,0
17.9.2021,"1.450,00",,,"1.448,04","0,00",0.0,0,0
16.9.2021,"1.450,00",,,"1.448,04","0,00",0.0,0,0
15.9.2021,"1.450,00",,,"1.448,04","0,00",0.0,0,0
14.9.2021,"1.450,00",,,"1.448,04","0,00",0.0,0,0
13.9.2021,"1.450,00","1.450,00","1.440,00","1.448,04","-0,14",1.04,1.505.960,1.505.960
10.9.2021,"1.450,00",,,"1.450,00","0,00",0.0,0,0
09.9.2021,"1.450,00","1.450,00","1.450,00","1.450,00","0,00",220.0,319.000,319.000
07.9.2021,"1.450,00","1.450,00","1.450,00","1.450,00","0,08",250.0,362.500,362.500
06.9.2021,"1.430,00","1.450,00","1.430,00","1.448,91","-0,08",549.0,795.450,795.450
03.9.2021,"1.450,00",,,"1.450,00","0,00",0.0,0,0
02.9.2021,"1.450,00",,,"1.450,00","0,00",0.0,0,0
01.9.2021,"1.450,00","1.450,00","1.450,00","1.450,00","0,00",361.0,523.450,523.450
31.8.2021,"1.450,00","1.450,00","1.450,00","1.450,00","0,00",167.0,242.150,242.150
30.8.2021,"1.450,00","1.450,00","1.450,00","1.450,00","0,05",172.0,249.400,249.400
27.8.2021,"1.450,00","1.450,00","1.417,00","1.449,29","0,58",1.821,2.639.163,2.639.163
26.8.2021,"1.450,00","1.450,00","1.426,00","1.441,00","-0,62",96.0,138.336,138.336
25.8.2021,"1.450,00","1.450,00","1.450,00","1.450,00","-0,34",250.0,362.500,362.500
24.8.2021,"1.455,00","1.455,00","1.455,00","1.455,00","-3,00",1.355,1.971.525,1.971.525
23.8.2021,"1.500,00",,,"1.500,00","0,00",0.0,0,0
20.8.2021,"1.500,00","1.500,00","1.500,00","1.500,00","6,01",5.0,7.500,7.500
19.8.2021,"1.415,00",,,"1.415,00","0,00",0.0,0,0
18.8.2021,"1.415,00",,,"1.415,00","0,00",0.0,0,0
17.8.2021,"1.415,00","1.415,00","1.415,00","1.415,00","1,43",45.0,63.675,63.675
16.8.2021,"1.395,00","1.395,00","1.395,00","1.395,00","0,82",76.0,106.020,106.020
13.8.2021,"1.380,00",,,"1.383,68","0,00",0.0,0,0
12.8.2021,"1.380,00",,,"1.383,68","0,00",0.0,0,0
11.8.2021,"1.380,00","1.399,00","1.380,00","1.383,68","-7,16",124.0,171.576,171.576
10.8.2021,"1.471,00",,,"1.490,33","0,00",0.0,0,0
09.8.2021,"1.471,00","1.500,00","1.471,00","1.490,33","-1,68",375.0,558.875,558.875
06.8.2021,"1.500,00","1.520,00","1.500,00","1.515,86","0,19",645.0,977.730,977.730
05.8.2021,"1.525,00","1.525,00","1.500,00","1.512,96","2,23",277.0,419.090,419.090
04.8.2021,"1.480,00","1.480,00","1.479,00","1.479,91","0,74",333.0,492.810,2.980.860
03.8.2021,"1.469,00",,,"1.469,00","0,00",0.0,0,0
30.7.2021,"1.469,00","1.469,00","1.469,00","1.469,00","0,00",157.0,230.633,230.633
29.7.2021,"1.469,00",,,"1.469,00","0,00",0.0,0,0
28.7.2021,"1.469,00",,,"1.469,00","0,00",0.0,0,0
27.7.2021,"1.469,00",,,"1.469,00","0,00",0.0,0,0
26.7.2021,"1.469,00",,,"1.469,00","0,00",0.0,0,0
23.7.2021,"1.469,00","1.469,00","1.469,00","1.469,00","0,00",25.0,36.725,36.725
22.7.2021,"1.469,00",,,"1.469,00","0,00",0.0,0,0
21.7.2021,"1.469,00",,,"1.469,00","0,00",0.0,0,0
20.7.2021,"1.469,00","1.469,00","1.469,00","1.469,00","2,94",617.0,906.373,906.373
19.7.2021,"1.427,00",,,"1.427,00","0,00",0.0,0,0
16.7.2021,"1.427,00",,,"1.427,00","0,00",0.0,0,0
15.7.2021,"1.427,00","1.427,00","1.427,00","1.427,00","-3,58",40.0,57.080,57.080
14.7.2021,"1.480,00",,,"1.480,00","0,00",0.0,0,0
13.7.2021,"1.480,00","1.480,00","1.480,00","1.480,00","3,79",6.0,8.880,8.880
12.7.2021,"1.426,00",,,"1.426,00","0,00",0.0,0,0
09.7.2021,"1.426,00","1.426,00","1.426,00","1.426,00","-4,30",120.0,171.120,171.120
08.7.2021,"1.490,00","1.490,00","1.490,00","1.490,00","2,05",5.0,7.450,7.450
07.7.2021,"1.460,00",,,"1.460,00","0,00",0.0,0,0
06.7.2021,"1.460,00","1.460,00","1.460,00","1.460,00","-0,01",100.0,146.000,146.000
05.7.2021,"1.451,00",,,"1.460,18","0,00",0.0,0,0
02.7.2021,"1.451,00",,,"1.460,18","0,00",0.0,0,0
01.7.2021,"1.451,00",,,"1.460,18","0,00",0.0,0,0
30.6.2021,"1.451,00","1.465,00","1.451,00","1.460,18","-1,13",626.0,914.074,914.074
29.6.2021,"1.475,00",,,"1.476,82","0,00",0.0,0,0
28.6.2021,"1.475,00","1.495,00","1.475,00","1.476,82","-1,22",110.0,162.450,162.450
25.6.2021,"1.495,00",,,"1.495,00","0,00",0.0,0,0
24.6.2021,"1.495,00","1.495,00","1.495,00","1.495,00","0,00",4.0,5.980,5.980
23.6.2021,"1.495,00",,,"1.495,00","0,00",0.0,0,0
22.6.2021,"1.495,00","1.495,00","1.495,00","1.495,00","-0,33",10.0,14.950,14.950
21.6.2021,"1.500,00",,,"1.500,00","0,00",0.0,0,0
17.6.2021,"1.500,00",,,"1.500,00","0,00",0.0,0,0
16.6.2021,"1.500,00",,,"1.500,00","0,00",0.0,0,0
15.6.2021,"1.500,00",,,"1.500,00","0,00",0.0,0,0
14.6.2021,"1.500,00","1.500,00","1.500,00","1.500,00","1,28",10.0,15.000,15.000
11.6.2021,"1.481,00",,,"1.481,00","0,00",0.0,0,0
10.6.2021,"1.481,00","1.481,00","1.481,00","1.481,00","-1,23",5.0,7.405,7.405
09.6.2021,"1.500,00",,,"1.499,49","0,00",0.0,0,0
08.6.2021,"1.500,00","1.500,00","1.499,00","1.499,49","0,15",1.954,2.930.000,2.930.000
07.6.2021,"1.500,00",,,"1.497,19","0,00",0.0,0,0
04.6.2021,"1.500,00","1.500,00","1.490,00","1.497,19","-0,19",285.0,426.700,426.700
03.6.2021,"1.500,00","1.500,00","1.500,00","1.500,00","0,00",350.0,525.000,525.000
02.6.2021,"1.500,00",,,"1.500,00","0,00",0.0,0,0
01.6.2021,"1.500,00","1.500,00","1.500,00","1.500,00","-0,99",110.0,165.000,165.000
31.5.2021,"1.515,00","1.515,00","1.515,00","1.515,00","-0,33",12.0,18.180,18.180
28.5.2021,"1.520,00",,,"1.520,00","0,00",0.0,0,0
27.5.2021,"1.520,00","1.520,00","1.520,00","1.520,00","1,33",20.0,30.400,30.400
26.5.2021,"1.500,00","1.500,00","1.500,00","1.500,00","0,03",35.0,52.500,52.500
25.5.2021,"1.500,00",,,"1.499,56","0,00",0.0,0,0
21.5.2021,"1.500,00","1.500,00","1.499,00","1.499,56","1,32",450.0,674.800,674.800
20.5.2021,"1.480,00","1.480,00","1.480,00","1.480,00","0,68",70.0,103.600,103.600
19.5.2021,"1.470,00",,,"1.470,00","0,00",0.0,0,0
18.5.2021,"1.470,00",,,"1.470,00","0,00",0.0,0,0
17.5.2021,"1.470,00","1.470,00","1.470,00","1.470,00","-0,37",30.0,44.100,44.100
14.5.2021,"1.500,00",,,"1.475,51","0,00",0.0,0,0
12.5.2021,"1.500,00","1.500,00","1.470,00","1.475,51","-0,30",490.0,723.000,723.000
11.5.2021,"1.480,00",,,"1.480,00","0,00",0.0,0,0
10.5.2021,"1.480,00",,,"1.480,00","0,00",0.0,0,0
07.5.2021,"1.480,00",,,"1.480,00","0,00",0.0,0,0
06.5.2021,"1.480,00","1.480,00","1.480,00","1.480,00","-1,33",29.0,42.920,42.920
05.5.2021,"1.500,00",,,"1.500,00","0,00",0.0,0,0
04.5.2021,"1.500,00",,,"1.500,00","0,00",0.0,0,0
29.4.2021,"1.500,00","1.500,00","1.500,00","1.500,00","2,00",100.0,150.000,150.000
28.4.2021,"1.470,00","1.480,00","1.470,00","1.470,60","0,04",200.0,294.120,294.120
27.4.2021,"1.470,00","1.470,00","1.470,00","1.470,00","1,16",500.0,735.000,735.000
26.4.2021,"1.485,00",,,"1.453,18","0,00",0.0,0,0
23.4.2021,"1.485,00",,,"1.453,18","0,00",0.0,0,0
22.4.2021,"1.485,00","1.485,00","1.450,00","1.453,18","0,22",220.0,319.700,319.700
21.4.2021,"1.450,00",,,"1.450,00","0,00",0.0,0,0
20.4.2021,"1.450,00","1.450,00","1.450,00","1.450,00","0,00",120.0,174.000,174.000
19.4.2021,"1.450,00","1.450,00","1.450,00","1.450,00","0,08",20.0,29.000,29.000
16.4.2021,"1.450,00",,,"1.448,90","0,00",0.0,0,0
15.4.2021,"1.450,00","1.450,00","1.415,00","1.448,90","2,11",701.0,1.015.680,1.015.680
14.4.2021,"1.419,00",,,"1.419,00","0,00",0.0,0,0
13.4.2021,"1.419,00","1.419,00","1.419,00","1.419,00","0,28",206.0,292.314,292.314
12.4.2021,"1.415,00","1.415,00","1.415,00","1.415,00","0,00",240.0,339.600,339.600
09.4.2021,"1.415,00","1.415,00","1.415,00","1.415,00","1,07",100.0,141.500,141.500
08.4.2021,"1.400,00",,,"1.400,00","0,00",0.0,0,0
07.4.2021,"1.400,00",,,"1.400,00","0,00",0.0,0,0
06.4.2021,"1.400,00",,,"1.400,00","0,00",0.0,0,0
05.4.2021,"1.400,00",,,"1.400,00","0,00",0.0,0,0
02.4.2021,"1.400,00",,,"1.400,00","0,00",0.0,0,0
01.4.2021,"1.400,00",,,"1.400,00","0,00",0.0,0,0
31.3.2021,"1.400,00",,,"1.400,00","0,00",0.0,0,0
30.3.2021,"1.400,00",,,"1.400,00","0,00",0.0,0,0
29.3.2021,"1.400,00",,,"1.400,00","0,00",0.0,0,0
26.3.2021,"1.400,00",,,"1.400,00","0,00",0.0,0,0
25.3.2021,"1.400,00",,,"1.400,00","0,00",0.0,0,0
24.3.2021,"1.400,00","1.400,00","1.400,00","1.400,00","0,00",430.0,602.000,602.000
23.3.2021,"1.400,00",,,"1.400,00","0,00",0.0,0,0
22.3.2021,"1.400,00","1.400,00","1.400,00","1.400,00","0,03",50.0,70.000,70.000
19.3.2021,"1.400,00",,,"1.399,64","0,00",0.0,0,0
18.3.2021,"1.400,00",,,"1.399,64","0,00",0.0,0,0
17.3.2021,"1.400,00",,,"1.399,64","0,00",0.0,0,0
16.3.2021,"1.400,00","1.400,00","1.395,00","1.399,64","0,14",1.077,1.507.415,1.507.415
15.3.2021,"1.400,00",,,"1.397,70","0,00",0.0,0,0
12.3.2021,"1.400,00","1.400,00","1.330,00","1.397,70","0,55",87.0,121.600,121.600
11.3.2021,"1.390,00",,,"1.390,00","0,00",0.0,0,0
10.3.2021,"1.390,00",,,"1.390,00","0,00",0.0,0,0
09.3.2021,"1.390,00",,,"1.390,00","0,00",0.0,0,0
08.3.2021,"1.390,00",,,"1.390,00","0,00",0.0,0,0
05.3.2021,"1.390,00","1.390,00","1.390,00","1.390,00","-0,71",25.0,34.750,34.750
04.3.2021,"1.400,00",,,"1.400,00","0,00",0.0,0,0
03.3.2021,"1.400,00",,,"1.400,00","0,00",0.0,0,0
02.3.2021,"1.400,00","1.400,00","1.400,00","1.400,00","2,97",250.0,350.000,350.000
01.3.2021,"1.370,00","1.380,00","1.351,00","1.359,63","-3,36",2.35,3.195.125,3.195.125
26.2.2021,"1.380,00","1.430,00","1.380,00","1.406,83","-1,86",1.575,2.215.750,2.215.750
25.2.2021,"1.440,00",,,"1.433,47","0,00",0.0,0,0
24.2.2021,"1.440,00",,,"1.433,47","0,00",0.0,0,0
23.2.2021,"1.440,00",,,"1.433,47","0,00",0.0,0,0
22.2.2021,"1.440,00",,,"1.433,47","0,00",0.0,0,0
19.2.2021,"1.440,00",,,"1.433,47","0,00",0.0,0,0
18.2.2021,"1.440,00","1.440,00","1.430,00","1.433,47","-0,78",288.0,412.840,412.840
17.2.2021,"1.430,00","1.450,00","1.430,00","1.444,71","-0,36",190.0,274.495,274.495
16.2.2021,"1.450,00",,,"1.450,00","0,00",0.0,0,0
15.2.2021,"1.450,00","1.450,00","1.450,00","1.450,00","3,47",514.0,745.300,745.300
12.2.2021,"1.420,00","1.420,00","1.400,00","1.401,44","-0,04",700.0,981.010,981.010
11.2.2021,"1.400,00","1.420,00","1.400,00","1.401,94","-0,02",465.0,651.900,651.900
10.2.2021,"1.400,00","1.420,00","1.400,00","1.402,27","0,92",2.2,3.085.000,3.085.000
09.2.2021,"1.390,00",,,"1.389,43","0,00",0.0,0,0
08.2.2021,"1.390,00","1.390,00","1.385,00","1.389,43","-0,38",1.749,2.430.110,2.430.110
05.2.2021,"1.390,00","1.400,00","1.390,00","1.394,75","-0,38",1.048,1.461.700,1.461.700
04.2.2021,"1.400,00",,,"1.400,00","0,00",0.0,0,0
03.2.2021,"1.400,00","1.400,00","1.400,00","1.400,00","1,82",100.0,140.000,140.000
02.2.2021,"1.375,00",,,"1.375,00","0,00",0.0,0,0
01.2.2021,"1.375,00","1.375,00","1.375,00","1.375,00","-0,11",200.0,275.000,275.000
29.1.2021,"1.375,00","1.381,00","1.375,00","1.376,49","-1,68",306.0,421.206,421.206
28.1.2021,"1.400,00","1.400,00","1.400,00","1.400,00","0,00",286.0,400.400,400.400
27.1.2021,"1.400,00",,,"1.400,00","0,00",0.0,0,0
26.1.2021,"1.400,00","1.400,00","1.400,00","1.400,00","0,00",370.0,518.000,518.000
25.1.2021,"1.400,00",,,"1.400,00","0,00",0.0,0,0
22.1.2021,"1.400,00","1.400,00","1.400,00","1.400,00","-1,41",186.0,260.400,260.400
21.1.2021,"1.420,00",,,"1.420,00","0,00",0.0,0,0
20.1.2021,"1.420,00","1.420,00","1.420,00","1.420,00","2,79",5.0,7.100,7.100
18.1.2021,"1.375,00",,,"1.381,45","0,00",0.0,0,0
15.1.2021,"1.375,00",,,"1.381,45","0,00",0.0,0,0
14.1.2021,"1.375,00",,,"1.381,45","0,00",0.0,0,0
13.1.2021,"1.375,00","1.400,00","1.375,00","1.381,45","0,47",155.0,214.125,214.125
12.1.2021,"1.375,00",,,"1.375,00","0,00",0.0,0,0
11.1.2021,"1.375,00",,,"1.375,00","0,00",0.0,0,0
08.1.2021,"1.375,00","1.375,00","1.375,00","1.375,00","-0,58",13.0,17.875,17.875
05.1.2021,"1.353,00","1.394,00","1.353,00","1.383,03","2,16",71.0,98.195,98.195
04.1.2021,"1.355,00",,,"1.353,75","0,00",0.0,0,0
30.12.2020,"1.355,00","1.355,00","1.350,00","1.353,75","1,10",80.0,108.300,108.300
29.12.2020,"1.339,00","1.339,00","1.339,00","1.339,00","3,00",10.0,13.390,13.390
28.12.2020,"1.300,00",,,"1.300,00","0,00",0.0,0,0
25.12.2020,"1.300,00",,,"1.300,00","0,00",0.0,0,0
24.12.2020,"1.300,00",,,"1.300,00","0,00",0.0,0,0
23.12.2020,"1.300,00",,,"1.300,00","0,00",0.0,0,0
22.12.2020,"1.300,00",,,"1.300,00","0,00",0.0,0,0
21.12.2020,"1.300,00",,,"1.300,00","0,00",0.0,0,0
18.12.2020,"1.300,00",,,"1.300,00","0,00",0.0,0,0
17.12.2020,"1.300,00",,,"1.300,00","0,00",0.0,0,0
16.12.2020,"1.300,00","1.300,00","1.300,00","1.300,00","0,00",60.0,78.000,78.000
15.12.2020,"1.300,00","1.300,00","1.300,00","1.300,00","0,00",317.0,412.100,412.100
14.12.2020,"1.300,00",,,"1.300,00","0,00",0.0,0,0
11.12.2020,"1.300,00","1.300,00","1.300,00","1.300,00","0,00",100.0,130.000,130.000
10.12.2020,"1.300,00","1.300,00","1.300,00","1.300,00","0,00",67.0,87.100,87.100
09.12.2020,"1.300,00",,,"1.300,00","0,00",0.0,0,0
07.12.2020,"1.300,00","1.300,00","1.300,00","1.300,00","0,00",11.0,14.300,14.300
04.12.2020,"1.300,00","1.300,00","1.300,00","1.300,00","0,00",14.0,18.200,18.200
03.12.2020,"1.300,00",,,"1.300,00","0,00",0.0,0,0
02.12.2020,"1.300,00",,,"1.300,00","0,00",0.0,0,0
01.12.2020,"1.300,00",,,"1.300,00","0,00",0.0,0,0
30.11.2020,"1.300,00",,,"1.300,00","0,00",0.0,0,0
27.11.2020,"1.300,00","1.300,00","1.300,00","1.300,00","0,70",32.0,41.600,41.600
26.11.2020,"1.292,00","1.292,00","1.290,00","1.291,00","-0,08",300.0,387.300,387.300
25.11.2020,"1.292,00",,,"1.292,00","0,00",0.0,0,0
24.11.2020,"1.292,00","1.292,00","1.292,00","1.292,00","3,00",95.0,122.740,122.740
23.11.2020,"1.250,00",,,"1.254,40","0,00",0.0,0,0
20.11.2020,"1.250,00",,,"1.254,40","0,00",0.0,0,0
19.11.2020,"1.250,00","1.260,00","1.250,00","1.254,40","-0,44",50.0,62.720,62.720
19.11.2020,"1.250,00","1.260,00","1.250,00","1.254,40","-0,44",50.0,62.720,62.720
18.11.2020,"1.260,00","1.260,00","1.260,00","1.260,00","0,63",50.0,63.000,63.000
17.11.2020,"1.251,00",,,"1.252,14","0,00",0.0,0,0
16.11.2020,"1.251,00","1.270,00","1.251,00","1.252,14","-2,86",833.0,1.043.033,1.043.033
13.11.2020,"1.289,00","1.289,00","1.289,00","1.289,00","2,96",100.0,128.900,128.900
12.11.2020,"1.252,00","1.252,00","1.252,00","1.252,00","-2,95",7.0,8.764,8.764
11.11.2020,"1.290,00",,,"1.290,00","0,00",0.0,0,0
10.11.2020,"1.290,00",,,"1.290,00","0,00",0.0,0,0
09.11.2020,"1.290,00",,,"1.290,00","0,00",0.0,0,0
06.11.2020,"1.290,00","1.290,00","1.290,00","1.290,00","0,70",308.0,397.320,397.320
05.11.2020,"1.281,00",,,"1.281,00","0,00",0.0,0,0
04.11.2020,"1.281,00",,,"1.281,00","0,00",0.0,0,0
03.11.2020,"1.281,00","1.281,00","1.281,00","1.281,00","-0,70",30.0,38.430,38.430
02.11.2020,"1.290,00","1.290,00","1.290,00","1.290,00","-0,11",100.0,129.000,129.000
30.10.2020,"1.290,00","1.300,00","1.280,00","1.291,39","0,77",459.0,592.750,592.750
29.10.2020,"1.281,00","1.282,00","1.281,00","1.281,54","-1,42",56.0,71.766,71.766
28.10.2020,"1.300,00","1.300,00","1.300,00","1.300,00","0,00",119.0,154.700,154.700
27.10.2020,"1.300,00","1.300,00","1.300,00","1.300,00","0,85",200.0,260.000,260.000
26.10.2020,"1.290,00",,,"1.289,00","0,00",0.0,0,0
22.10.2020,"1.290,00",,,"1.289,00","0,00",0.0,0,0
21.10.2020,"1.290,00","1.290,00","1.285,00","1.289,00","0,70",100.0,128.900,128.900
20.10.2020,"1.280,00",,,"1.280,00","0,00",0.0,0,0
19.10.2020,"1.280,00",,,"1.280,00","0,00",0.0,0,0
16.10.2020,"1.280,00","1.280,00","1.280,00","1.280,00","-1,57",99.0,126.720,126.720
15.10.2020,"1.300,00","1.301,00","1.300,00","1.300,41","0,03",81.0,105.333,105.333
14.10.2020,"1.300,00",,,"1.300,00","0,00",0.0,0,0
13.10.2020,"1.300,00",,,"1.300,00","0,00",0.0,0,0
09.10.2020,"1.300,00",,,"1.300,00","0,00",0.0,0,0
08.10.2020,"1.300,00","1.300,00","1.300,00","1.300,00","-0,08",67.0,87.100,87.100
07.10.2020,"1.301,00",,,"1.301,00","0,00",0.0,0,0
06.10.2020,"1.301,00",,,"1.301,00","0,00",0.0,0,0
05.10.2020,"1.301,00","1.301,00","1.301,00","1.301,00","0,08",870.0,1.131.870,1.131.870
02.10.2020,"1.300,00",,,"1.300,00","0,00",0.0,0,0
01.10.2020,"1.300,00",,,"1.300,00","0,00",0.0,0,0
30.9.2020,"1.300,00",,,"1.300,00","0,00",0.0,0,0
29.9.2020,"1.300,00","1.300,00","1.300,00","1.300,00","-4,37",15.0,19.500,19.500
28.9.2020,"1.360,00","1.360,00","1.356,00","1.359,34","0,69",244.0,331.680,331.680
25.9.2020,"1.350,00","1.350,00","1.350,00","1.350,00","2,27",67.0,90.450,90.450
24.9.2020,"1.320,00",,,"1.320,00","0,00",0.0,0,0
23.9.2020,"1.320,00","1.320,00","1.320,00","1.320,00","-2,22",50.0,66.000,66.000
22.9.2020,"1.350,00","1.350,00","1.350,00","1.350,00","0,00",866.0,1.169.100,1.169.100
21.9.2020,"1.350,00","1.350,00","1.350,00","1.350,00","1,13",211.0,284.850,284.850
18.9.2020,"1.355,00","1.355,00","1.317,00","1.334,97","4,34",829.0,1.106.689,1.106.689
17.9.2020,"1.280,00",,,"1.279,39","0,00",0.0,0,0
16.9.2020,"1.280,00",,,"1.279,39","0,00",0.0,0,0
15.9.2020,"1.280,00",,,"1.279,39","0,00",0.0,0,0
14.9.2020,"1.280,00","1.280,00","1.279,00","1.279,39","0,03",258.0,330.083,330.083
11.9.2020,"1.279,00",,,"1.279,00","0,00",0.0,0,0
10.9.2020,"1.279,00",,,"1.279,00","0,00",0.0,0,0
09.9.2020,"1.279,00","1.279,00","1.279,00","1.279,00","-0,08",5.0,6.395,6.395
07.9.2020,"1.280,00",,,"1.280,00","0,00",0.0,0,0
04.9.2020,"1.280,00",,,"1.280,00","0,00",0.0,0,0
03.9.2020,"1.280,00",,,"1.280,00","0,00",0.0,0,0
02.9.2020,"1.280,00",,,"1.280,00","0,00",0.0,0,0
01.9.2020,"1.280,00",,,"1.280,00","0,00",0.0,0,0
31.8.2020,"1.280,00",,,"1.280,00","0,00",0.0,0,0
27.8.2020,"1.280,00",,,"1.280,00","0,00",0.0,0,0
26.8.2020,"1.280,00",,,"1.280,00","0,00",0.0,0,0
25.8.2020,"1.280,00",,,"1.280,00","0,00",0.0,0,0
24.8.2020,"1.280,00",,,"1.280,00","0,00",0.0,0,0
21.8.2020,"1.280,00","1.280,00","1.280,00","1.280,00","0,00",99.0,126.720,126.720
20.8.2020,"1.280,00","1.280,00","1.280,00","1.280,00","-0,08",415.0,531.200,531.200
19.8.2020,"1.280,00",,,"1.280,98","0,00",0.0,0,0
18.8.2020,"1.280,00","1.300,00","1.280,00","1.280,98","-1,46",1.929,2.471.020,2.471.020
17.8.2020,"1.300,00",,,"1.300,00","0,00",0.0,0,0
14.8.2020,"1.300,00","1.300,00","1.300,00","1.300,00","0,00",36.0,46.800,46.800
13.8.2020,"1.300,00",,,"1.300,00","0,00",0.0,0,0
12.8.2020,"1.300,00",,,"1.300,00","0,00",0.0,0,0
11.8.2020,"1.300,00",,,"1.300,00","0,00",0.0,0,0
10.8.2020,"1.300,00",,,"1.300,00","0,00",0.0,0,0
07.8.2020,"1.300,00",,,"1.300,00","0,00",0.0,0,0
06.8.2020,"1.300,00",,,"1.300,00","0,00",0.0,0,0
05.8.2020,"1.300,00",,,"1.300,00","0,00",0.0,0,0
04.8.2020,"1.300,00",,,"1.300,00","0,00",0.0,0,0
31.7.2020,"1.300,00","1.300,00","1.300,00","1.300,00","0,00",692.0,899.600,899.600
30.7.2020,"1.300,00",,,"1.299,95","0,00",0.0,0,0
29.7.2020,"1.300,00","1.300,00","1.298,00","1.299,95","0,07",1.313,1.706.832,1.706.832
28.7.2020,"1.299,00",,,"1.299,00","0,00",0.0,0,0
27.7.2020,"1.299,00",,,"1.299,00","0,00",0.0,0,0
24.7.2020,"1.299,00","1.299,00","1.299,00","1.299,00","-0,08",110.0,142.890,142.890
23.7.2020,"1.300,00",,,"1.300,00","0,00",0.0,0,0
22.7.2020,"1.300,00",,,"1.300,00","0,00",0.0,0,0
21.7.2020,"1.300,00","1.300,00","1.300,00","1.300,00","0,00",2.0,2.600,2.600
20.7.2020,"1.300,00","1.300,00","1.300,00","1.300,00","1,40",30.0,39.000,4.514.655
17.7.2020,"1.282,00","1.282,00","1.282,00","1.282,00","0,00",80.0,102.560,102.560
16.7.2020,"1.282,00",,,"1.282,00","0,00",0.0,0,0
14.7.2020,"1.282,00","1.282,00","1.282,00","1.282,00","0,00",20.0,25.640,25.640
13.7.2020,"1.282,00","1.282,00","1.282,00","1.282,00","9,57",5.0,6.410,6.410
10.7.2020,"1.210,00",,,"1.170,00","0,00",0.0,0,3.949.800
09.7.2020,"1.210,00",,,"1.170,00","0,00",0.0,0,0
08.7.2020,"1.210,00",,,"1.170,00","0,00",0.0,0,0
07.7.2020,"1.210,00",,,"1.170,00","0,00",0.0,0,0
06.7.2020,"1.210,00",,,"1.170,00","0,00",0.0,0,0
03.7.2020,"1.210,00",,,"1.170,00","0,00",0.0,0,0
02.7.2020,"1.210,00",,,"1.170,00","0,00",0.0,0,0
01.7.2020,"1.210,00",,,"1.170,00","0,00",0.0,0,0
30.6.2020,"1.210,00",,,"1.170,00","0,00",0.0,0,0
29.6.2020,"1.210,00",,,"1.170,00","0,00",0.0,0,0
26.6.2020,"1.210,00",,,"1.170,00","0,00",0.0,0,0
25.6.2020,"1.210,00",,,"1.170,00","0,00",0.0,0,0
24.6.2020,"1.210,00",,,"1.170,00","0,00",0.0,0,0
23.6.2020,"1.210,00",,,"1.170,00","0,00",0.0,0,0
22.6.2020,"1.210,00",,,"1.170,00","0,00",0.0,0,0
19.6.2020,"1.210,00",,,"1.170,00","0,00",0.0,0,0
18.6.2020,"1.210,00",,,"1.170,00","0,00",0.0,0,0
17.6.2020,"1.210,00","1.210,00","1.160,00","1.170,00","0,86",200.0,234.000,234.000
16.6.2020,"1.160,00",,,"1.160,00","0,00",0.0,0,0
15.6.2020,"1.160,00",,,"1.160,00","0,00",0.0,0,0
12.6.2020,"1.160,00",,,"1.160,00","0,00",0.0,0,0
11.6.2020,"1.160,00",,,"1.160,00","0,00",0.0,0,0
10.6.2020,"1.160,00","1.160,00","1.160,00","1.160,00","-1,85",200.0,232.000,232.000
09.6.2020,"1.182,00","1.182,00","1.181,00","1.181,83","0,16",24.0,28.364,28.364
08.6.2020,"1.180,00",,,"1.180,00","0,00",0.0,0,0
04.6.2020,"1.180,00","1.180,00","1.180,00","1.180,00","-2,88",514.0,606.520,606.520
03.6.2020,"1.215,00",,,"1.215,00","0,00",0.0,0,0
02.6.2020,"1.215,00","1.215,00","1.215,00","1.215,00","-2,80",100.0,121.500,121.500
01.6.2020,"1.250,00",,,"1.250,00","0,00",0.0,0,0
29.5.2020,"1.250,00","1.250,00","1.250,00","1.250,00","2,46",35.0,43.750,43.750
28.5.2020,"1.220,00","1.220,00","1.220,00","1.220,00","1,67",80.0,97.600,97.600
27.5.2020,"1.200,00","1.200,00","1.200,00","1.200,00","-0,41",155.0,186.000,186.000
26.5.2020,"1.205,00","1.205,00","1.205,00","1.205,00","-2,98",20.0,24.100,3.934.100
22.5.2020,"1.242,00","1.242,00","1.242,00","1.242,00","-1,50",150.0,186.300,186.300
21.5.2020,"1.260,00","1.262,00","1.260,00","1.260,88","-0,10",228.0,287.480,287.480
20.5.2020,"1.262,00",,,"1.262,10","0,00",0.0,0,0
19.5.2020,"1.262,00","1.263,00","1.262,00","1.262,10","-1,40",194.0,244.848,244.848
18.5.2020,"1.280,00","1.280,00","1.280,00","1.280,00","-0,31",35.0,44.800,44.800
15.5.2020,"1.280,00",,,"1.283,98","0,00",0.0,0,0
14.5.2020,"1.280,00","1.290,00","1.280,00","1.283,98","-0,31",166.0,213.140,213.140
13.5.2020,"1.290,00","1.290,00","1.282,00","1.287,95","0,53",390.0,502.300,502.300
12.5.2020,"1.280,00","1.282,00","1.280,00","1.281,15","-0,07",235.0,301.070,301.070
11.5.2020,"1.280,00","1.286,00","1.280,00","1.282,00","-0,31",120.0,153.840,153.840
08.5.2020,"1.286,00","1.286,00","1.286,00","1.286,00","0,05",250.0,321.500,321.500
07.5.2020,"1.286,00","1.286,00","1.262,00","1.285,31","-0,05",350.0,449.860,449.860
06.5.2020,"1.286,00","1.286,00","1.286,00","1.286,00","0,00",220.0,282.920,282.920
05.5.2020,"1.286,00","1.286,00","1.286,00","1.286,00","-2,94",400.0,514.400,514.400
04.5.2020,"1.325,00","1.325,00","1.325,00","1.325,00","-5,13",73.0,96.725,96.725
30.4.2020,"1.350,00","1.400,00","1.350,00","1.396,60","1,79",256.0,357.530,357.530
29.4.2020,"1.372,00","1.372,00","1.372,00","1.372,00","2,95",190.0,260.680,260.680
28.4.2020,"1.337,00","1.337,00","1.330,00","1.332,75","9,61",600.0,799.652,799.652
27.4.2020,"1.215,00",,,"1.215,87","0,00",0.0,0,0
24.4.2020,"1.215,00",,,"1.215,87","0,00",0.0,0,0
23.4.2020,"1.215,00","1.245,00","1.215,00","1.215,87","0,04",103.0,125.235,125.235
22.4.2020,"1.215,00","1.216,00","1.215,00","1.215,39","-9,78",493.0,599.188,599.188
21.4.2020,"1.343,00","1.350,00","1.343,00","1.347,13","-0,10",1.158,1.559.978,1.559.978
16.4.2020,"1.347,00","1.350,00","1.347,00","1.348,47","-0,11",681.0,918.308,918.308
15.4.2020,"1.350,00",,,"1.350,00","0,00",0.0,0,0
14.4.2020,"1.350,00","1.350,00","1.350,00","1.350,00","-0,37",344.0,464.400,464.400
13.4.2020,"1.355,00","1.355,00","1.355,00","1.355,00","2,96",100.0,135.500,135.500
10.4.2020,"1.316,00","1.316,00","1.316,00","1.316,00","-2,85",87.0,114.492,114.492
09.4.2020,"1.350,00",,,"1.354,67","0,00",0.0,0,0
08.4.2020,"1.350,00",,,"1.354,67","0,00",0.0,0,0
07.4.2020,"1.350,00","1.370,00","1.327,00","1.354,67","4,21",1.74,2.357.118,2.357.118
06.4.2020,"1.300,00","1.300,00","1.300,00","1.300,00","7,44",312.0,405.600,405.600
03.4.2020,"1.210,00","1.210,00","1.210,00","1.210,00","10,00",450.0,544.500,544.500
02.4.2020,"1.100,00",,,"1.100,00","0,00",0.0,0,0
01.4.2020,"1.100,00","1.100,00","1.100,00","1.100,00","-5,66",2.0,2.200,5.502.200
31.3.2020,"1.166,00","1.166,00","1.166,00","1.166,00","10,00",50.0,58.300,58.300
30.3.2020,"1.060,00","1.060,00","1.060,00","1.060,00","-2,13",250.0,265.000,265.000
27.3.2020,"1.083,00","1.090,00","1.083,00","1.083,11","-9,92",2.215,2.399.090,2.399.090
26.3.2020,"1.176,00","1.210,00","1.176,00","1.202,44","-2,95",262.0,315.040,315.040
25.3.2020,"1.258,00","1.258,00","1.211,00","1.238,95","3,36",1.177,1.458.247,1.458.247
24.3.2020,"1.200,00","1.212,00","1.195,00","1.198,68","-1,13",2.674,3.205.280,3.205.280
23.3.2020,"1.220,00",,,"1.212,42","0,00",0.0,0,0
20.3.2020,"1.220,00","1.223,00","1.183,00","1.212,42","4,02",5.763,6.987.153,6.987.153
19.3.2020,"1.159,00","1.220,00","1.159,00","1.165,57","-4,46",1.857,2.164.463,2.164.463
18.3.2020,"1.220,00","1.220,00","1.220,00","1.220,00","-4,99",3.675,4.483.500,4.483.500
17.3.2020,"1.285,00","1.300,00","1.283,00","1.284,05","-4,89",1.22,1.566.540,1.566.540
16.3.2020,"1.350,00","1.350,00","1.350,00","1.350,00","-9,97",200.0,270.000,270.000
13.3.2020,"1.500,00","1.539,00","1.450,00","1.499,58","5,52",714.0,1.070.700,1.070.700
12.3.2020,"1.400,00","1.600,00","1.400,00","1.421,19","-8,61",135.0,191.860,191.860
11.3.2020,"1.555,00","1.555,00","1.555,00","1.555,00","-2,97",500.0,777.500,4.393.500
10.3.2020,"1.600,00","1.638,00","1.600,00","1.602,56","-2,19",4.114,6.592.939,6.592.939
09.3.2020,"1.638,00","1.640,00","1.638,00","1.638,40","-2,97",470.0,770.050,2.954.050
06.3.2020,"1.646,00","1.700,00","1.646,00","1.688,54","0,93",720.0,1.215.750,1.215.750
05.3.2020,"1.662,00","1.680,00","1.662,00","1.673,00","0,95",500.0,836.500,836.500
04.3.2020,"1.652,00","1.660,00","1.651,00","1.657,23","0,42",1.228,2.035.078,2.035.078
03.3.2020,"1.650,00","1.651,00","1.650,00","1.650,22","-0,20",1.473,2.430.770,2.430.770
02.3.2020,"1.690,00","1.690,00","1.650,00","1.653,53","0,96",907.0,1.499.750,6.651.750
28.2.2020,"1.637,00","1.639,00","1.608,00","1.637,77","-3,53",2.589,4.240.196,4.240.196
27.2.2020,"1.620,00",,,"1.697,77","0,00",0.0,0,7.267.000
26.2.2020,"1.620,00","1.699,00","1.620,00","1.697,77","-0,13",3.2,5.432.850,5.432.850
25.2.2020,"1.700,00",,,"1.700,00","0,00",0.0,0,0
24.2.2020,"1.700,00","1.700,00","1.700,00","1.700,00","0,00",1.885,3.204.500,3.204.500
21.2.2020,"1.700,00","1.700,00","1.700,00","1.700,00","0,01",750.0,1.275.000,1.275.000
20.2.2020,"1.700,00",,,"1.699,84","0,00",0.0,0,0
19.2.2020,"1.700,00",,,"1.699,84","0,00",0.0,0,0
18.2.2020,"1.700,00",,,"1.699,84","0,00",0.0,0,0
17.2.2020,"1.700,00","1.700,00","1.699,00","1.699,84","-0,01",317.0,538.850,538.850
14.2.2020,"1.700,00","1.700,00","1.700,00","1.700,00","-0,06",36.0,61.200,61.200
13.2.2020,"1.700,00","1.704,00","1.700,00","1.701,10","1,53",730.0,1.241.800,1.241.800
12.2.2020,"1.701,00","1.704,00","1.650,00","1.675,50","1,28",1.157,1.938.550,1.938.550
11.2.2020,"1.656,00","1.664,00","1.650,00","1.654,38","-2,68",1.94,3.209.493,3.209.493
10.2.2020,"1.700,00","1.700,00","1.700,00","1.700,00","2,82",151.0,256.700,256.700
07.2.2020,"1.653,00","1.680,00","1.652,00","1.653,31","-2,24",1.116,1.845.096,1.845.096
06.2.2020,"1.690,00","1.700,00","1.690,00","1.691,12","0,58",348.0,588.510,588.510
05.2.2020,"1.690,00","1.690,00","1.680,00","1.681,33","0,08",1.875,3.152.500,3.152.500
04.2.2020,"1.680,00",,,"1.680,00","0,00",0.0,0,0
03.2.2020,"1.680,00",,,"1.680,00","0,00",0.0,0,0
31.1.2020,"1.680,00","1.680,00","1.680,00","1.680,00","1,96",500.0,840.000,840.000
30.1.2020,"1.648,00",,,"1.647,63","0,00",0.0,0,0
29.1.2020,"1.648,00","1.648,00","1.647,00","1.647,63","-0,14",583.0,960.566,960.566
28.1.2020,"1.650,00",,,"1.650,00","0,00",0.0,0,0
27.1.2020,"1.650,00","1.650,00","1.650,00","1.650,00","-0,38",124.0,204.600,204.600
24.1.2020,"1.649,00","1.700,00","1.649,00","1.656,29","-2,57",700.0,1.159.400,1.159.400
23.1.2020,"1.700,00","1.700,00","1.700,00","1.700,00","-0,16",10.0,17.000,17.000
22.1.2020,"1.700,00","1.750,00","1.700,00","1.702,68","0,76",317.0,539.750,539.750
21.1.2020,"1.698,00","1.698,00","1.650,00","1.689,90","2,76",385.0,650.610,650.610
20.1.2020,"1.650,00","1.650,00","1.640,00","1.644,55","2,78",275.0,452.250,452.250
17.1.2020,"1.600,00","1.600,00","1.600,00","1.600,00","1,78",100.0,160.000,160.000
16.1.2020,"1.572,00",,,"1.572,00","0,00",0.0,0,0
15.1.2020,"1.572,00",,,"1.572,00","0,00",0.0,0,0
14.1.2020,"1.572,00",,,"1.572,00","0,00",0.0,0,0
13.1.2020,"1.572,00","1.572,00","1.572,00","1.572,00","1,39",150.0,235.800,235.800
10.1.2020,"1.550,00","1.555,00","1.549,00","1.550,50","0,03",634.0,983.016,983.016
09.1.2020,"1.550,00","1.550,00","1.550,00","1.550,00","0,45",1.5,2.325.000,2.325.000
08.1.2020,"1.540,00","1.550,00","1.540,00","1.543,10","-0,92",290.0,447.500,447.500
03.1.2020,"1.560,00","1.560,00","1.550,00","1.557,50","-0,04",400.0,623.000,623.000
02.1.2020,"1.560,00",,,"1.558,20","0,00",0.0,0,0
30.12.2019,"1.560,00","1.560,00","1.555,00","1.558,20","0,04",342.0,532.905,532.905
27.12.2019,"1.560,00","1.560,00","1.540,00","1.557,54","2,03",570.0,887.800,887.800
26.12.2019,"1.525,00",,,"1.526,55","0,00",0.0,0,4.477.150
25.12.2019,"1.525,00","1.530,00","1.525,00","1.526,55","-1,24",290.0,442.700,442.700
24.12.2019,"1.530,00","1.555,00","1.530,00","1.545,79","1,03",1.222,1.888.960,1.888.960
23.12.2019,"1.530,00","1.530,00","1.530,00","1.530,00","0,00",302.0,462.060,462.060
20.12.2019,"1.530,00",,,"1.530,00","0,00",0.0,0,0
19.12.2019,"1.530,00","1.530,00","1.530,00","1.530,00","-0,03",220.0,336.600,336.600
18.12.2019,"1.530,00","1.532,00","1.530,00","1.530,48","0,50",670.0,1.025.420,1.025.420
17.12.2019,"1.525,00",,,"1.522,86","0,00",0.0,0,0
16.12.2019,"1.525,00","1.525,00","1.520,00","1.522,86","-0,51",700.0,1.066.000,1.066.000
13.12.2019,"1.530,00","1.531,00","1.530,00","1.530,62","0,70",125.0,191.328,191.328
12.12.2019,"1.520,00","1.520,00","1.520,00","1.520,00","0,66",900.0,1.368.000,1.368.000
11.12.2019,"1.510,00",,,"1.510,00","0,00",0.0,0,0
10.12.2019,"1.510,00","1.510,00","1.510,00","1.510,00","-2,58",166.0,250.660,250.660
06.12.2019,"1.550,00",,,"1.550,00","0,00",0.0,0,0
05.12.2019,"1.550,00","1.550,00","1.550,00","1.550,00","1,91",100.0,155.000,155.000
04.12.2019,"1.521,00","1.521,00","1.521,00","1.521,00","0,07",100.0,152.100,152.100
03.12.2019,"1.520,00","1.520,00","1.520,00","1.520,00","1,33",4.127,6.273.040,6.273.040
02.12.2019,"1.500,00","1.500,00","1.500,00","1.500,00","-1,01",10.0,15.000,15.000
29.11.2019,"1.530,00","1.545,00","1.502,00","1.515,36","0,99",783.0,1.186.523,1.186.523
28.11.2019,"1.501,00","1.501,00","1.500,00","1.500,47","-0,14",429.0,643.700,643.700
27.11.2019,"1.510,00","1.520,00","1.500,00","1.502,60","0,85",2.184,3.281.670,3.281.670
26.11.2019,"1.490,00","1.490,00","1.490,00","1.490,00","1,38",35.0,52.150,52.150
25.11.2019,"1.470,00","1.470,00","1.455,00","1.469,71","-2,02",510.0,749.550,749.550
22.11.2019,"1.500,00","1.500,00","1.500,00","1.500,00","-0,20",250.0,375.000,375.000
21.11.2019,"1.503,00","1.503,00","1.503,00","1.503,00","2,95",1.144,1.719.432,1.719.432
21.11.2019,"1.503,00","1.503,00","1.503,00","1.503,00","2,95",1.144,1.719.432,1.719.432
20.11.2019,"1.460,00",,,"1.460,00","0,00",0.0,0,0
19.11.2019,"1.460,00",,,"1.460,00","0,00",0.0,0,0
18.11.2019,"1.460,00",,,"1.460,00","0,00",0.0,0,0
15.11.2019,"1.460,00","1.460,00","1.460,00","1.460,00","0,00",160.0,233.600,233.600
14.11.2019,"1.460,00",,,"1.460,00","0,00",0.0,0,0
13.11.2019,"1.460,00",,,"1.460,00","0,00",0.0,0,0
12.11.2019,"1.460,00","1.460,00","1.460,00","1.460,00","3,34",52.0,75.920,75.920
11.11.2019,"1.410,00",,,"1.412,86","0,00",0.0,0,0
08.11.2019,"1.410,00",,,"1.412,86","0,00",0.0,0,0
07.11.2019,"1.410,00","1.420,00","1.410,00","1.412,86","-1,26",140.0,197.800,197.800
06.11.2019,"1.439,00",,,"1.430,89","0,00",0.0,0,0
05.11.2019,"1.439,00","1.439,00","1.421,00","1.430,89","3,69",595.0,851.381,851.381
04.11.2019,"1.380,00",,,"1.380,00","0,00",0.0,0,0
01.11.2019,"1.380,00","1.380,00","1.380,00","1.380,00","-1,43",88.0,121.440,121.440
31.10.2019,"1.400,00",,,"1.400,00","0,00",0.0,0,0
30.10.2019,"1.400,00",,,"1.400,00","0,00",0.0,0,0
29.10.2019,"1.400,00",,,"1.400,00","0,00",0.0,0,0
28.10.2019,"1.400,00","1.400,00","1.400,00","1.400,00","3,51",498.0,697.200,697.200
25.10.2019,"1.350,00",,,"1.352,53","0,00",0.0,0,0
24.10.2019,"1.350,00",,,"1.352,53","0,00",0.0,0,0
22.10.2019,"1.350,00",,,"1.352,53","0,00",0.0,0,0
21.10.2019,"1.350,00","1.359,00","1.350,00","1.352,53","-1,99",182.0,246.160,246.160
18.10.2019,"1.380,00","1.380,00","1.380,00","1.380,00","1,60",36.0,49.680,49.680
17.10.2019,"1.358,00","1.360,00","1.358,00","1.358,21","-2,98",187.0,253.986,253.986
16.10.2019,"1.400,00","1.400,00","1.400,00","1.400,00","-2,20",195.0,273.000,273.000
15.10.2019,"1.400,00","1.433,00","1.400,00","1.431,43","2,46",105.0,150.300,150.300
14.10.2019,"1.397,00","1.397,00","1.397,00","1.397,00","-2,96",100.0,139.700,139.700
10.10.2019,"1.439,00",,,"1.439,57","0,00",0.0,0,0
09.10.2019,"1.439,00","1.440,00","1.439,00","1.439,57","-0,19",35.0,50.385,50.385
08.10.2019,"1.450,00",,,"1.442,24","0,00",0.0,0,0
07.10.2019,"1.450,00",,,"1.442,24","0,00",0.0,0,0
04.10.2019,"1.450,00","1.450,00","1.440,00","1.442,24","-0,43",196.0,282.680,282.680
03.10.2019,"1.448,00","1.449,00","1.448,00","1.448,40","-0,04",250.0,362.100,362.100
02.10.2019,"1.449,00","1.449,00","1.449,00","1.449,00","0,27",9.0,13.041,13.041
01.10.2019,"1.450,00","1.450,00","1.430,00","1.445,04","1,05",645.0,932.050,932.050
30.9.2019,"1.430,00","1.430,00","1.430,00","1.430,00","-0,50",240.0,343.200,343.200
27.9.2019,"1.430,00","1.449,00","1.430,00","1.437,12","-0,89",800.0,1.149.700,1.149.700
26.9.2019,"1.450,00","1.450,00","1.450,00","1.450,00","0,00",2.3,3.335.000,3.335.000
25.9.2019,"1.450,00","1.450,00","1.450,00","1.450,00","-0,06",1.0,1.450.000,1.450.000
24.9.2019,"1.450,00","1.470,00","1.450,00","1.450,85","-0,09",1.42,2.060.200,2.060.200
23.9.2019,"1.470,00","1.470,00","1.450,00","1.452,09","0,13",1.675,2.432.250,2.432.250
20.9.2019,"1.450,00",,,"1.450,25","0,00",0.0,0,0
19.9.2019,"1.450,00","1.470,00","1.445,00","1.450,25","0,13",1.318,1.911.430,1.911.430
18.9.2019,"1.450,00","1.451,00","1.440,00","1.448,32","-2,14",1.738,2.517.173,2.517.173
17.9.2019,"1.480,00",,,"1.480,00","0,00",0.0,0,0
16.9.2019,"1.480,00",,,"1.480,00","0,00",0.0,0,0
13.9.2019,"1.480,00",,,"1.480,00","0,00",0.0,0,0
12.9.2019,"1.480,00",,,"1.480,00","0,00",0.0,0,0
11.9.2019,"1.480,00","1.480,00","1.480,00","1.480,00","0,54",400.0,592.000,592.000
10.9.2019,"1.493,00",,,"1.472,11","0,00",0.0,0,0
06.9.2019,"1.493,00",,,"1.472,11","0,00",0.0,0,0
05.9.2019,"1.493,00",,,"1.472,11","0,00",0.0,0,0
04.9.2019,"1.493,00","1.493,00","1.450,00","1.472,11","1,52",285.0,419.550,419.550
03.9.2019,"1.450,00","1.450,00","1.450,00","1.450,00","-3,33",320.0,464.000,464.000
02.9.2019,"1.500,00",,,"1.500,00","0,00",0.0,0,0
30.8.2019,"1.500,00",,,"1.500,00","0,00",0.0,0,0
29.8.2019,"1.500,00","1.500,00","1.500,00","1.500,00","0,25",572.0,858.000,858.000
27.8.2019,"1.500,00","1.500,00","1.461,00","1.496,29","2,77",427.0,638.917,638.917
26.8.2019,"1.455,00",,,"1.455,99","0,00",0.0,0,0
23.8.2019,"1.455,00","1.500,00","1.455,00","1.455,99","-2,93",681.0,991.530,991.530
22.8.2019,"1.500,00","1.500,00","1.500,00","1.500,00","1,18",130.0,195.000,195.000
21.8.2019,"1.493,00","1.493,00","1.411,00","1.482,46","2,24",515.0,763.465,763.465
20.8.2019,"1.450,00","1.450,00","1.450,00","1.450,00","0,69",144.0,208.800,208.800
19.8.2019,"1.440,00","1.440,00","1.440,00","1.440,00","-0,57",340.0,489.600,3.546.150
16.8.2019,"1.440,00","1.450,00","1.440,00","1.448,21","-0,06",335.0,485.150,485.150
15.8.2019,"1.450,00",,,"1.449,14","0,00",0.0,0,0
14.8.2019,"1.450,00","1.450,00","1.444,00","1.449,14","1,34",371.0,537.630,537.630
13.8.2019,"1.430,00","1.430,00","1.430,00","1.430,00","0,23",10.0,14.300,14.300
12.8.2019,"1.430,00",,,"1.426,67","0,00",0.0,0,0
09.8.2019,"1.430,00","1.430,00","1.420,00","1.426,67","4,47",300.0,428.000,428.000
08.8.2019,"1.400,00","1.400,00","1.357,00","1.365,60","0,34",10.0,13.656,13.656
07.8.2019,"1.361,00","1.390,00","1.356,00","1.360,96","0,66",165.0,224.558,224.558
06.8.2019,"1.352,00","1.352,00","1.352,00","1.352,00","-1,02",400.0,540.800,540.800
05.8.2019,"1.394,00","1.394,00","1.352,00","1.366,00","0,86",600.0,819.600,819.600
01.8.2019,"1.352,00",,,"1.354,35","0,00",0.0,0,0
31.7.2019,"1.352,00","1.368,00","1.352,00","1.354,35","0,32",680.0,920.960,920.960
30.7.2019,"1.350,00","1.350,00","1.350,00","1.350,00","1,21",50.0,67.500,67.500
29.7.2019,"1.330,00","1.345,00","1.330,00","1.333,89","0,29",162.0,216.090,216.090
26.7.2019,"1.330,00",,,"1.330,00","0,00",0.0,0,0
25.7.2019,"1.330,00","1.330,00","1.330,00","1.330,00","0,00",230.0,305.900,305.900
24.7.2019,"1.330,00","1.330,00","1.330,00","1.330,00","-0,75",100.0,133.000,133.000
23.7.2019,"1.340,00","1.340,00","1.340,00","1.340,00","0,00",110.0,147.400,147.400
22.7.2019,"1.340,00","1.340,00","1.340,00","1.340,00","1,95",640.0,857.600,857.600
19.7.2019,"1.314,00","1.315,00","1.314,00","1.314,43","0,91",350.0,460.050,460.050
18.7.2019,"1.310,00",,,"1.302,61","0,00",0.0,0,0
17.7.2019,"1.310,00","1.310,00","1.302,00","1.302,61","-2,79",487.0,634.370,634.370
16.7.2019,"1.340,00","1.340,00","1.340,00","1.340,00","0,87",232.0,310.880,310.880
15.7.2019,"1.331,00","1.338,00","1.320,00","1.328,38","2,18",547.0,726.623,726.623
12.7.2019,"1.300,00",,,"1.300,00","0,00",0.0,0,0
11.7.2019,"1.300,00",,,"1.300,00","0,00",0.0,0,0
10.7.2019,"1.300,00","1.300,00","1.300,00","1.300,00","0,00",3.0,3.900.000,3.900.000
09.7.2019,"1.300,00","1.300,00","1.300,00","1.300,00","0,00",100.0,130.000,130.000
08.7.2019,"1.300,00","1.301,00","1.300,00","1.300,06","0,04",3.36,4.368.200,4.368.200
05.7.2019,"1.315,00","1.315,00","1.299,00","1.299,52","-0,04",2.668,3.467.115,3.467.115
04.7.2019,"1.300,00","1.300,00","1.300,00","1.300,00","0,00",8.1,10.530.000,10.530.000
03.7.2019,"1.300,00","1.300,00","1.300,00","1.300,00","1,56",450.0,585.000,585.000
02.7.2019,"1.290,00",,,"1.280,00","0,00",0.0,0,0
01.7.2019,"1.290,00","1.290,00","1.265,00","1.280,00","-0,78",75.0,96.000,96.000
28.6.2019,"1.290,00","1.290,00","1.290,00","1.290,00","2,38",25.0,32.250,32.250
27.6.2019,"1.260,00",,,"1.260,00","0,00",0.0,0,0
26.6.2019,"1.260,00",,,"1.260,00","0,00",0.0,0,0
25.6.2019,"1.260,00",,,"1.260,00","0,00",0.0,0,0
24.6.2019,"1.260,00",,,"1.260,00","0,00",0.0,0,0
21.6.2019,"1.260,00",,,"1.260,00","0,00",0.0,0,0
20.6.2019,"1.260,00",,,"1.260,00","0,00",0.0,0,0
19.6.2019,"1.260,00",,,"1.260,00","0,00",0.0,0,0
18.6.2019,"1.260,00",,,"1.260,00","0,00",0.0,0,0
17.6.2019,"1.260,00","1.260,00","1.260,00","1.260,00","-1,55",80.0,100.800,100.800
13.6.2019,"1.271,00","1.300,00","1.271,00","1.279,84","-1,55",656.0,839.576,839.576
12.6.2019,"1.300,00","1.300,00","1.300,00","1.300,00","0,00",100.0,130.000,130.000
11.6.2019,"1.300,00",,,"1.300,00","0,00",0.0,0,0
10.6.2019,"1.300,00",,,"1.300,00","0,00",0.0,0,0
07.6.2019,"1.300,00",,,"1.300,00","0,00",0.0,0,0
06.6.2019,"1.300,00","1.300,00","1.300,00","1.300,00","0,00",500.0,650.000,650.000
05.6.2019,"1.300,00",,,"1.300,00","0,00",0.0,0,0
03.6.2019,"1.300,00",,,"1.300,00","0,00",0.0,0,0
31.5.2019,"1.300,00",,,"1.300,00","0,00",0.0,0,0
30.5.2019,"1.300,00","1.300,00","1.300,00","1.300,00","0,00",100.0,130.000,130.000
29.5.2019,"1.300,00",,,"1.300,03","0,00",0.0,0,0
28.5.2019,"1.300,00","1.301,00","1.300,00","1.300,03","-0,15",300.0,390.010,390.010
27.5.2019,"1.301,00",,,"1.302,00","0,00",0.0,0,0
23.5.2019,"1.301,00",,,"1.302,00","0,00",0.0,0,0
22.5.2019,"1.301,00",,,"1.302,00","0,00",0.0,0,0
21.5.2019,"1.301,00","1.303,00","1.301,00","1.302,00","-0,89",150.0,195.300,195.300
20.5.2019,"1.300,00","1.330,00","1.300,00","1.313,75","-0,47",24.0,31.530,31.530
17.5.2019,"1.330,00","1.330,00","1.307,00","1.319,93","1,04",434.0,572.850,572.850
16.5.2019,"1.307,00","1.307,00","1.306,00","1.306,35","0,28",286.0,373.616,373.616
15.5.2019,"1.303,00",,,"1.302,74","0,00",0.0,0,0
14.5.2019,"1.303,00","1.303,00","1.302,00","1.302,74","0,21",182.0,237.098,237.098
13.5.2019,"1.300,00",,,"1.300,00","0,00",0.0,0,0
10.5.2019,"1.300,00","1.300,00","1.300,00","1.300,00","0,12",258.0,335.400,335.400
09.5.2019,"1.300,00","1.300,00","1.288,00","1.298,47","3,05",565.0,733.633,733.633
08.5.2019,"1.260,00",,,"1.260,00","0,00",0.0,0,0
07.5.2019,"1.260,00","1.260,00","1.260,00","1.260,00","-8,71",4.0,5.040,5.040
06.5.2019,"1.380,00",,,"1.380,18","0,00",0.0,0,0
03.5.2019,"1.380,00",,,"1.380,18","0,00",0.0,0,0
02.5.2019,"1.380,00",,,"1.380,18","0,00",0.0,0,0
30.4.2019,"1.380,00",,,"1.380,18","0,00",0.0,0,0
25.4.2019,"1.380,00",,,"1.380,18","0,00",0.0,0,0
24.4.2019,"1.380,00",,,"1.380,18","0,00",0.0,0,0
23.4.2019,"1.380,00",,,"1.380,18","0,00",0.0,0,0
22.4.2019,"1.380,00",,,"1.380,18","0,00",0.0,0,0
19.4.2019,"1.380,00",,,"1.380,18","0,00",0.0,0,0
18.4.2019,"1.380,00",,,"1.380,18","0,00",0.0,0,0
17.4.2019,"1.380,00","1.385,00","1.380,00","1.380,18","0,02",417.0,575.535,575.535
16.4.2019,"1.380,00","1.380,00","1.379,00","1.379,95","-0,08",540.0,745.175,745.175
15.4.2019,"1.380,00","1.385,00","1.380,00","1.381,03","0,07",638.0,881.100,881.100
12.4.2019,"1.380,00","1.380,00","1.380,00","1.380,00","-0,03",100.0,138.000,138.000
11.4.2019,"1.380,00","1.385,00","1.380,00","1.380,45","-0,02",330.0,455.550,455.550
10.4.2019,"1.380,00","1.385,00","1.380,00","1.380,73","-0,23",480.0,662.750,662.750
09.4.2019,"1.385,00","1.385,00","1.380,00","1.383,86","0,35",1.398,1.934.630,1.934.630
08.4.2019,"1.376,00","1.381,00","1.376,00","1.379,08","-0,16",369.0,508.879,508.879
05.4.2019,"1.385,00","1.385,00","1.380,00","1.381,26","-0,22",796.0,1.099.480,1.099.480
04.4.2019,"1.384,00",,,"1.384,27","0,00",0.0,0,0
03.4.2019,"1.384,00","1.389,00","1.380,00","1.384,27","0,35",1.5,2.076.400,2.076.400
02.4.2019,"1.380,00","1.380,00","1.375,00","1.379,40","0,34",751.0,1.035.930,1.035.930
01.4.2019,"1.380,00","1.380,00","1.370,00","1.374,72","-0,38",1.061,1.458.580,1.458.580
29.3.2019,"1.380,00","1.380,00","1.380,00","1.380,00","0,00",145.0,200.100,200.100
28.3.2019,"1.380,00",,,"1.380,00","0,00",0.0,0,0
27.3.2019,"1.380,00","1.380,00","1.380,00","1.380,00","0,73",20.0,27.600,1.821.600
26.3.2019,"1.370,00","1.370,00","1.370,00","1.370,00","-0,72",70.0,95.900,95.900
25.3.2019,"1.380,00",,,"1.380,00","0,00",0.0,0,0
22.3.2019,"1.380,00",,,"1.380,00","0,00",0.0,0,0
21.3.2019,"1.380,00",,,"1.380,00","0,00",0.0,0,0
20.3.2019,"1.380,00",,,"1.380,00","0,00",0.0,0,0
19.3.2019,"1.380,00",,,"1.380,00","0,00",0.0,0,0
18.3.2019,"1.380,00",,,"1.380,00","0,00",0.0,0,0
15.3.2019,"1.380,00","1.380,00","1.380,00","1.380,00","-0,77",103.0,142.140,142.140
14.3.2019,"1.380,00","1.398,00","1.380,00","1.390,67","0,74",345.0,479.780,479.780
13.3.2019,"1.400,00","1.400,00","1.380,00","1.380,39","-0,69",530.0,731.607,731.607
12.3.2019,"1.390,00",,,"1.390,00","0,00",0.0,0,0
11.3.2019,"1.390,00","1.390,00","1.390,00","1.390,00","0,00",2.177,3.026.030,3.026.030
08.3.2019,"1.390,00","1.390,00","1.390,00","1.390,00","-0,27",485.0,674.150,674.150
07.3.2019,"1.389,00","1.400,00","1.389,00","1.393,75","-0,09",715.0,996.530,8.287.080
06.3.2019,"1.390,00","1.400,00","1.390,00","1.395,00","-0,36",200.0,279.000,279.000
05.3.2019,"1.400,00","1.400,00","1.400,00","1.400,00","0,72",50.0,70.000,70.000
04.3.2019,"1.390,00","1.390,00","1.390,00","1.390,00","0,65",10.0,13.900,13.900
01.3.2019,"1.380,00",,,"1.381,01","0,00",0.0,0,0
28.2.2019,"1.380,00","1.400,00","1.380,00","1.381,01","-0,65",8.534,11.785.560,17.305.560
27.2.2019,"1.390,00",,,"1.390,00","0,00",0.0,0,0
26.2.2019,"1.390,00","1.390,00","1.390,00","1.390,00","-1,37",100.0,139.000,139.000
25.2.2019,"1.410,00","1.410,00","1.380,00","1.409,35","0,67",410.0,577.835,577.835
22.2.2019,"1.400,00",,,"1.400,00","0,00",0.0,0,0
21.2.2019,"1.400,00","1.400,00","1.400,00","1.400,00","1,45",52.0,72.800,72.800
20.2.2019,"1.380,00","1.380,00","1.370,00","1.379,95","0,00",646.0,891.450,891.450
19.2.2019,"1.380,00","1.380,00","1.380,00","1.380,00","0,00",295.0,407.100,407.100
18.2.2019,"1.380,00","1.380,00","1.380,00","1.380,00","0,00",468.0,645.840,645.840
15.2.2019,"1.380,00","1.381,00","1.380,00","1.380,02","-2,13",810.0,1.117.813,1.117.813
14.2.2019,"1.410,00","1.410,00","1.410,00","1.410,00","2,92",100.0,141.000,141.000
13.2.2019,"1.370,00","1.370,00","1.370,00","1.370,00","0,84",100.0,137.000,137.000
12.2.2019,"1.360,00","1.360,00","1.352,00","1.358,56","-0,79",265.0,360.018,360.018
11.2.2019,"1.370,00",,,"1.369,36","0,00",0.0,0,0
08.2.2019,"1.370,00","1.370,00","1.360,00","1.369,36","1,33",391.0,535.420,535.420
07.2.2019,"1.355,00",,,"1.351,32","0,00",0.0,0,0
06.2.2019,"1.355,00","1.355,00","1.350,00","1.351,32","-0,04",1.613,2.179.687,2.179.687
05.2.2019,"1.352,00","1.352,00","1.349,00","1.351,81","1,35",225.0,304.158,304.158
04.2.2019,"1.330,00","1.349,00","1.330,00","1.333,80","-0,10",80.0,106.704,106.704
01.2.2019,"1.340,00","1.340,00","1.320,00","1.335,15","1,15",330.0,440.600,440.600
31.1.2019,"1.320,00","1.320,00","1.320,00","1.320,00","-1,83",10.0,13.200,13.200
30.1.2019,"1.340,00",,,"1.344,61","0,00",0.0,0,0
29.1.2019,"1.340,00","1.350,00","1.340,00","1.344,61","-0,40",371.0,498.850,498.850
28.1.2019,"1.350,00","1.350,00","1.350,00","1.350,00","0,12",210.0,283.500,283.500
25.1.2019,"1.350,00","1.350,00","1.340,00","1.348,42","-0,12",219.0,295.305,295.305
24.1.2019,"1.350,00",,,"1.350,00","0,00",0.0,0,0
23.1.2019,"1.350,00",,,"1.350,00","0,00",0.0,0,0
22.1.2019,"1.350,00","1.350,00","1.350,00","1.350,00","0,17",100.0,135.000,135.000
21.1.2019,"1.350,00","1.350,00","1.310,00","1.347,72","-0,17",570.0,768.200,768.200
18.1.2019,"1.350,00",,,"1.350,00","0,00",0.0,0,0
17.1.2019,"1.350,00","1.350,00","1.350,00","1.350,00","0,00",18.0,24.300,24.300
16.1.2019,"1.350,00",,,"1.350,00","0,00",0.0,0,0
15.1.2019,"1.350,00","1.350,00","1.350,00","1.350,00","0,00",800.0,1.080.000,1.080.000
14.1.2019,"1.350,00","1.350,00","1.350,00","1.350,00","0,00",850.0,1.147.500,1.147.500
11.1.2019,"1.350,00","1.350,00","1.350,00","1.350,00","0,00",502.0,677.700,677.700
10.1.2019,"1.350,00","1.350,00","1.350,00","1.350,00","0,07",95.0,128.250,128.250
09.1.2019,"1.349,00","1.349,00","1.349,00","1.349,00","3,89",200.0,269.800,269.800
08.1.2019,"1.292,00","1.350,00","1.292,00","1.298,44","0,35",45.0,58.430,58.430
04.1.2019,"1.310,00","1.310,00","1.280,00","1.293,96","-1,22",187.0,241.970,1.777.970
03.1.2019,"1.310,00","1.310,00","1.310,00","1.310,00","-2,96",463.0,606.530,606.530
02.1.2019,"1.350,00","1.350,00","1.350,00","1.350,00","5,96",5.0,6.750,6.750
28.12.2018,"1.280,00",,,"1.274,11","0,00",0.0,0,0
27.12.2018,"1.280,00","1.280,00","1.260,00","1.274,11","1,93",1.188,1.513.640,1.513.640
26.12.2018,"1.250,00","1.250,00","1.250,00","1.250,00","1,54",1.768,2.210.000,2.210.000
25.12.2018,"1.231,00","1.231,00","1.231,00","1.231,00","-1,84",30.0,36.930,36.930
24.12.2018,"1.250,00",,,"1.254,08","0,00",0.0,0,0
21.12.2018,"1.250,00","1.260,00","1.250,00","1.254,08","0,33",282.0,353.650,1.603.650
20.12.2018,"1.250,00","1.250,00","1.250,00","1.250,00","-0,79",30.0,37.500,37.500
19.12.2018,"1.260,00","1.260,00","1.260,00","1.260,00","1,20",278.0,350.280,350.280
18.12.2018,"1.245,00","1.245,00","1.245,00","1.245,00","0,00",300.0,373.500,373.500
17.12.2018,"1.245,00","1.245,00","1.245,00","1.245,00","-1,97",63.0,78.435,78.435
14.12.2018,"1.270,00","1.270,00","1.270,00","1.270,00","-0,78",470.0,596.900,596.900
13.12.2018,"1.280,00",,,"1.280,00","0,00",0.0,0,0
12.12.2018,"1.280,00","1.280,00","1.280,00","1.280,00","2,78",5.0,6.400,6.400
11.12.2018,"1.250,00","1.250,00","1.244,00","1.245,37","1,00",598.0,744.730,744.730
10.12.2018,"1.244,00","1.244,00","1.211,00","1.233,00","-0,91",15.0,18.495,18.495
07.12.2018,"1.245,00","1.245,00","1.244,00","1.244,32","0,39",312.0,388.228,388.228
06.12.2018,"1.240,00","1.240,00","1.239,00","1.239,53","-0,36",190.0,235.510,235.510
05.12.2018,"1.244,00","1.244,00","1.244,00","1.244,00","-0,47",47.0,58.468,58.468
04.12.2018,"1.250,00",,,"1.249,87","0,00",0.0,0,0
03.12.2018,"1.250,00",,,"1.249,87","0,00",0.0,0,0
30.11.2018,"1.250,00","1.250,00","1.240,00","1.249,87","0,68",393.0,491.200,491.200
29.11.2018,"1.250,00","1.250,00","1.240,00","1.241,43","2,18",490.0,608.300,608.300
28.11.2018,"1.215,00","1.215,00","1.215,00","1.215,00","1,15",70.0,85.050,85.050
27.11.2018,"1.200,00","1.203,00","1.200,00","1.201,14","-0,29",1.493,1.793.300,1.793.300
26.11.2018,"1.200,00",,,"1.204,62","0,00",0.0,0,0
23.11.2018,"1.200,00",,,"1.204,62","0,00",0.0,0,0
22.11.2018,"1.200,00","1.220,00","1.200,00","1.204,62","-6,62",541.0,651.700,651.700
22.11.2018,"1.200,00","1.220,00","1.200,00","1.204,62","-6,62",541.0,651.700,651.700
21.11.2018,"1.290,00",,,"1.290,00","0,00",0.0,0,0
20.11.2018,"1.290,00","1.290,00","1.290,00","1.290,00","2,94",10.0,12.900,12.900
19.11.2018,"1.255,00",,,"1.253,13","0,00",0.0,0,0
16.11.2018,"1.255,00","1.260,00","1.250,00","1.253,13","-2,17",1.566,1.962.405,1.962.405
15.11.2018,"1.280,00","1.290,00","1.280,00","1.280,90","-1,42",290.0,371.460,371.460
14.11.2018,"1.299,00",,,"1.299,39","0,00",0.0,0,0
13.11.2018,"1.299,00","1.300,00","1.299,00","1.299,39","-0,05",1.028,1.335.772,1.335.772
12.11.2018,"1.300,00","1.300,00","1.300,00","1.300,00","-0,83",100.0,130.000,130.000
09.11.2018,"1.320,00","1.320,00","1.300,00","1.310,93","-0,66",604.0,791.800,791.800
08.11.2018,"1.350,00","1.350,00","1.298,00","1.319,67","4,72",720.0,950.160,950.160
07.11.2018,"1.253,00","1.295,00","1.253,00","1.260,21","-3,05",204.0,257.082,257.082
06.11.2018,"1.300,00",,,"1.299,88","0,00",0.0,0,6.604.000
05.11.2018,"1.300,00","1.300,00","1.299,00","1.299,88","-0,01",320.0,415.960,415.960
02.11.2018,"1.300,00","1.300,00","1.300,00","1.300,00","0,00",631.0,820.300,820.300
01.11.2018,"1.300,00","1.300,00","1.300,00","1.300,00","0,00",20.0,26.000,26.000
31.10.2018,"1.300,00",,,"1.300,00","0,00",0.0,0,0
30.10.2018,"1.300,00",,,"1.300,00","0,00",0.0,0,0
29.10.2018,"1.300,00","1.300,00","1.300,00","1.300,00","9,70",15.0,19.500,19.500
26.10.2018,"1.185,00","1.185,00","1.185,00","1.185,00","-2,99",100.0,118.500,118.500
25.10.2018,"1.224,00","1.224,00","1.219,00","1.221,53","-2,73",198.0,241.862,241.862
24.10.2018,"1.290,00","1.291,00","1.252,00","1.255,84","-2,66",1.062,1.333.700,1.333.700
22.10.2018,"1.250,00","1.291,00","1.250,00","1.290,10","9,90",958.0,1.235.917,1.235.917
19.10.2018,"1.185,00","1.185,00","1.169,00","1.173,93","0,46",1.747,2.050.856,2.050.856
18.10.2018,"1.170,00","1.170,00","1.160,00","1.168,56","0,35",2.264,2.645.614,2.645.614
17.10.2018,"1.160,00","1.165,00","1.160,00","1.164,45","1,13",451.0,525.165,525.165
16.10.2018,"1.150,00","1.154,00","1.150,00","1.151,39","2,73",368.0,423.712,423.712
15.10.2018,"1.120,00","1.121,00","1.120,00","1.120,81","-2,63",185.0,207.350,207.350
12.10.2018,"1.150,00","1.155,00","1.150,00","1.151,08","-3,27",650.0,748.200,748.200
10.10.2018,"1.190,00",,,"1.190,00","0,00",0.0,0,0
09.10.2018,"1.190,00","1.190,00","1.190,00","1.190,00","9,60",10.0,11.900,11.900
08.10.2018,"1.085,00","1.088,00","1.084,00","1.085,80","-1,83",500.0,542.900,542.900
05.10.2018,"1.106,00","1.106,00","1.106,00","1.106,00","-2,98",65.0,71.890,71.890
04.10.2018,"1.140,00","1.140,00","1.140,00","1.140,00","0,64",50.0,57.000,57.000
03.10.2018,"1.131,00","1.136,00","1.131,00","1.132,70","-2,77",588.0,666.028,666.028
02.10.2018,"1.185,00","1.185,00","1.151,00","1.165,00","0,87",85.0,99.025,99.025
01.10.2018,"1.155,00","1.188,00","1.128,00","1.154,92","-3,68",663.0,765.710,765.710
28.9.2018,"1.195,00","1.220,00","1.195,00","1.199,05","0,34",444.0,532.380,532.380
27.9.2018,"1.195,00","1.196,00","1.195,00","1.195,04","2,85",691.0,825.773,825.773
26.9.2018,"1.160,00","1.162,00","1.160,00","1.161,92","0,90",106.0,123.164,123.164
25.9.2018,"1.152,00","1.155,00","1.141,00","1.151,54","1,01",251.0,289.037,289.037
24.9.2018,"1.140,00","1.140,00","1.140,00","1.140,00","0,44",50.0,57.000,57.000
21.9.2018,"1.135,00","1.135,00","1.135,00","1.135,00","-0,03",150.0,170.250,170.250
20.9.2018,"1.153,00","1.153,00","1.122,00","1.135,39","1,38",1.372,1.557.751,1.557.751
19.9.2018,"1.120,00","1.120,00","1.116,00","1.119,97","-0,01",3.87,4.334.300,4.334.300
18.9.2018,"1.120,00","1.135,00","1.120,00","1.120,05","0,00",2.308,2.585.080,2.585.080
17.9.2018,"1.120,00","1.120,00","1.120,00","1.120,00","-1,70",200.0,224.000,224.000
14.9.2018,"1.140,00","1.140,00","1.139,00","1.139,32","2,46",496.0,565.104,565.104
13.9.2018,"1.112,00",,,"1.112,00","0,00",0.0,0,0
12.9.2018,"1.112,00",,,"1.112,00","0,00",0.0,0,0
11.9.2018,"1.112,00","1.112,00","1.112,00","1.112,00","-2,38",40.0,44.480,44.480
10.9.2018,"1.139,00",,,"1.139,09","0,00",0.0,0,0
07.9.2018,"1.139,00",,,"1.139,09","0,00",0.0,0,0
06.9.2018,"1.139,00","1.141,00","1.130,00","1.139,09","-0,25",220.0,250.600,250.600
05.9.2018,"1.145,00","1.145,00","1.139,00","1.141,97","2,71",91.0,103.919,103.919
04.9.2018,"1.100,00","1.120,00","1.100,00","1.111,88","-2,36",437.0,485.890,485.890
03.9.2018,"1.150,00","1.150,00","1.135,00","1.138,75","0,08",40.0,45.550,45.550
31.8.2018,"1.139,00",,,"1.137,84","0,00",0.0,0,0
30.8.2018,"1.139,00",,,"1.137,84","0,00",0.0,0,0
29.8.2018,"1.139,00","1.140,00","1.130,00","1.137,84","0,69",693.0,788.520,788.520
27.8.2018,"1.130,00","1.130,00","1.130,00","1.130,00","1,62",50.0,56.500,56.500
24.8.2018,"1.112,00",,,"1.112,00","0,00",0.0,0,0
23.8.2018,"1.112,00","1.112,00","1.112,00","1.112,00","2,96",300.0,333.600,333.600
22.8.2018,"1.080,00","1.080,00","1.080,00","1.080,00","-2,88",260.0,280.800,280.800
21.8.2018,"1.112,00","1.112,00","1.112,00","1.112,00","-2,97",550.0,611.600,611.600
20.8.2018,"1.146,00",,,"1.146,00","0,00",0.0,0,0
17.8.2018,"1.146,00","1.146,00","1.146,00","1.146,00","-0,09",40.0,45.840,45.840
16.8.2018,"1.147,00","1.147,00","1.147,00","1.147,00","-0,52",110.0,126.170,126.170
15.8.2018,"1.153,00","1.153,00","1.153,00","1.153,00","2,95",223.0,257.119,257.119
14.8.2018,"1.120,00","1.120,00","1.120,00","1.120,00","-0,25",60.0,67.200,67.200
13.8.2018,"1.120,00","1.130,00","1.120,00","1.122,86","-0,86",168.0,188.640,188.640
10.8.2018,"1.130,00","1.135,00","1.130,00","1.132,57","-0,22",535.0,605.925,605.925
09.8.2018,"1.120,00",,,"1.135,09","0,00",0.0,0,0
08.8.2018,"1.120,00","1.149,00","1.120,00","1.135,09","-1,14",2.701,3.065.881,3.065.881
07.8.2018,"1.148,00","1.160,00","1.145,00","1.148,20","1,61",1.628,1.869.275,1.869.275
06.8.2018,"1.130,00","1.130,00","1.130,00","1.130,00","0,38",2.85,3.220.500,3.220.500
03.8.2018,"1.140,00","1.140,00","1.110,00","1.125,77","1,17",549.0,618.045,618.045
01.8.2018,"1.116,00","1.150,00","1.100,00","1.112,79","1,38",610.0,678.800,678.800
31.7.2018,"1.100,00","1.100,00","1.089,00","1.097,63","2,39",2.938,3.224.835,3.224.835
30.7.2018,"1.051,00","1.090,00","1.044,00","1.071,96","3,41",3.077,3.298.432,3.298.432
27.7.2018,"1.040,00","1.044,00","1.029,00","1.036,59","2,18",1.845,1.912.500,1.912.500
26.7.2018,"1.025,00","1.025,00","1.010,00","1.014,50","0,20",980.0,994.210,3.437.210
25.7.2018,"1.019,00","1.019,00","1.002,00","1.012,52","1,25",436.0,441.460,441.460
24.7.2018,"1.000,00","1.000,00","1.000,00","1.000,00","0,00",650.0,650.000,650.000
23.7.2018,"1.000,00","1.000,00","1.000,00","1.000,00","0,00",569.0,569.000,569.000
20.7.2018,"1.000,00","1.000,00","1.000,00","1.000,00","0,10",35.0,35.000,35.000
19.7.2018,"999,00","999,00","999,00","999,00","0,63",432.0,431.568,1.977.028
18.7.2018,"1.000,00","1.000,00","980,00","992,73","1,11",55.0,54.600,54.600
17.7.2018,"1.000,00","1.000,00","980,00","981,88","-1,82",1.065,1.045.700,1.045.700
16.7.2018,"1.000,00","1.001,00","1.000,00","1.000,04","-1,91",2.492,2.492.096,2.492.096
13.7.2018,"1.020,00","1.020,00","1.019,00","1.019,55","-0,04",100.0,101.955,101.955
12.7.2018,"1.020,00","1.020,00","1.020,00","1.020,00","0,00",216.0,220.320,220.320
11.7.2018,"1.020,00","1.020,00","1.020,00","1.020,00","2,00",511.0,521.220,521.220
10.7.2018,"1.000,00","1.000,00","1.000,00","1.000,00","-2,91",100.0,100.000,100.000
09.7.2018,"1.030,00",,,"1.030,00","0,00",0.0,0,0
06.7.2018,"1.030,00","1.030,00","1.030,00","1.030,00","0,00",38.0,39.140,39.140
05.7.2018,"1.030,00","1.030,00","1.030,00","1.030,00","0,07",900.0,927.000,927.000
04.7.2018,"1.030,00","1.030,00","1.028,00","1.029,32","0,62",3.222,3.316.460,4.346.460
03.7.2018,"1.020,00","1.039,00","1.020,00","1.022,99","-1,27",615.0,629.141,629.141
02.7.2018,"1.037,00","1.037,00","1.035,00","1.036,17","2,83",240.0,248.680,248.680
29.6.2018,"1.016,00","1.016,00","970,00","1.007,61","2,14",460.0,463.500,463.500
28.6.2018,"985,00","1.002,00","980,00","986,47","-3,29",2.045,2.017.330,2.017.330
27.6.2018,"1.020,00","1.020,00","1.020,00","1.020,00","-3,15",100.0,102.000,102.000
26.6.2018,"1.050,00","1.056,00","1.049,00","1.053,17","2,68",659.0,694.042,694.042
25.6.2018,"1.030,00","1.030,00","1.012,00","1.025,66","-0,45",3.7,3.794.950,3.794.950
22.6.2018,"1.038,00","1.039,00","1.015,00","1.030,25","2,55",3.061,3.153.601,6.413.851
21.6.2018,"1.034,00","1.034,00","1.000,00","1.004,65","2,20",2.325,2.335.800,2.335.800
20.6.2018,"983,00","983,00","983,00","983,00","2,97",250.0,245.750,245.750
19.6.2018,"969,00","969,00","950,00","954,62","0,49",1.682,1.605.670,1.605.670
18.6.2018,"949,00","950,00","949,00","949,95","0,07",574.0,545.271,545.271
14.6.2018,"950,00","950,00","945,00","949,25","4,81",1.726,1.638.402,1.638.402
13.6.2018,"950,00","950,00","902,00","905,72","0,64",542.0,490.900,7.920.400
12.6.2018,"900,00","900,00","900,00","900,00","0,00",818.0,736.200,736.200
11.6.2018,"900,00","900,00","899,00","899,99","0,07",2.9,2.609.970,2.609.970
08.6.2018,"900,00","900,00","891,00","899,36","2,04",9.035,8.125.714,10.708.714
07.6.2018,"899,00","900,00","879,00","881,40","0,21",3.564,3.141.325,3.141.325
06.6.2018,"879,00","880,00","870,00","879,56","-0,05",2.289,2.013.310,2.013.310
05.6.2018,"880,00","881,00","879,00","880,04","0,02",3.681,3.239.410,3.239.410
04.6.2018,"880,00","880,00","879,00","879,83","-0,02",1.3,1.143.783,1.143.783
01.6.2018,"880,00","880,00","880,00","880,00","0,11",476.0,418.880,418.880
31.5.2018,"881,00",,,"879,06","0,00",0.0,0,0
30.5.2018,"881,00","881,00","870,00","879,06","2,22",454.0,399.094,399.094
29.5.2018,"860,00","860,00","860,00","860,00","-2,49",100.0,86.000,86.000
28.5.2018,"881,00",,,"881,96","0,00",0.0,0,0
23.5.2018,"881,00","883,00","880,00","881,96","2,88",317.0,279.581,279.581
22.5.2018,"865,00",,,"857,29","0,00",0.0,0,0
21.5.2018,"865,00","870,00","855,00","857,29","-0,32",1.355,1.161.625,1.161.625
18.5.2018,"860,00","860,00","860,00","860,00","-1,23",30.0,25.800,25.800
17.5.2018,"870,00",,,"870,70","0,00",0.0,0,0
16.5.2018,"870,00",,,"870,70","0,00",0.0,0,0
15.5.2018,"870,00","880,00","870,00","870,70","-1,06",229.0,199.390,199.390
14.5.2018,"880,00","880,00","880,00","880,00","-0,05",19.0,16.720,16.720
11.5.2018,"881,00","881,00","880,00","880,47","-1,36",215.0,189.300,189.300
10.5.2018,"890,00",,,"892,58","0,00",0.0,0,0
09.5.2018,"890,00","900,00","890,00","892,58","-0,82",271.0,241.890,241.890
08.5.2018,"900,00",,,"900,00","0,00",0.0,0,0
07.5.2018,"900,00","900,00","900,00","900,00","0,00",463.0,416.700,416.700
04.5.2018,"900,00","900,00","900,00","900,00","0,00",323.0,290.700,290.700
03.5.2018,"900,00","900,00","900,00","900,00","0,45",897.0,807.300,807.300
02.5.2018,"900,00","908,00","890,00","895,93","1,81",631.0,565.330,565.330
30.4.2018,"880,00",,,"880,00","0,00",0.0,0,0
27.4.2018,"880,00","880,00","880,00","880,00","-2,80",250.0,220.000,220.000
26.4.2018,"905,00",,,"905,39","0,00",0.0,0,0
25.4.2018,"905,00",,,"905,39","0,00",0.0,0,0
24.4.2018,"905,00","908,00","905,00","905,39","-0,42",380.0,344.050,344.050
23.4.2018,"882,00","910,00","882,00","909,18","2,85",103.0,93.646,93.646
20.4.2018,"884,00",,,"884,00","0,00",0.0,0,0
19.4.2018,"884,00","884,00","884,00","884,00","0,00",11.0,9.724,9.724
18.4.2018,"884,00",,,"884,00","0,00",0.0,0,0
17.4.2018,"884,00",,,"884,00","0,00",0.0,0,0
16.4.2018,"884,00",,,"884,00","0,00",0.0,0,0
13.4.2018,"884,00","884,00","884,00","884,00","-9,93",500.0,442.000,442.000
12.4.2018,"980,00","985,00","979,00","981,41","-0,50",6.041,5.928.672,5.928.672
11.4.2018,"985,00","991,00","984,00","986,38","-0,98",4.909,4.842.142,4.842.142
10.4.2018,"996,00","1.000,00","990,00","996,19","-0,23",1.398,1.392.674,1.392.674
05.4.2018,"999,00","999,00","998,00","998,48","0,71",1.639,1.636.511,1.636.511
04.4.2018,"1.000,00","1.000,00","980,00","991,45","1,57",969.0,960.714,16.409.514
03.4.2018,"980,00","980,00","970,00","976,13","-0,95",920.0,898.040,898.040
02.4.2018,"980,00","987,00","980,00","985,53","-0,35",2.952,2.909.274,2.909.274
30.3.2018,"989,00","989,00","989,00","989,00","1,96",247.0,244.283,244.283
29.3.2018,"970,00","970,00","970,00","970,00","-2,81",198.0,192.060,192.060
28.3.2018,"998,00",,,"998,00","0,00",0.0,0,0
27.3.2018,"998,00",,,"998,00","0,00",0.0,0,0
26.3.2018,"998,00","998,00","998,00","998,00","2,89",500.0,499.000,499.000
23.3.2018,"970,00","970,00","970,00","970,00","-2,02",2.0,1.940,1.940
22.3.2018,"990,00","990,00","990,00","990,00","-0,90",190.0,188.100,188.100
21.3.2018,"999,00","999,00","999,00","999,00","-0,10",200.0,199.800,199.800
20.3.2018,"1.000,00","1.000,00","1.000,00","1.000,00","0,00",10.0,10.000,10.000
19.3.2018,"1.000,00","1.000,00","1.000,00","1.000,00","0,58",200.0,200.000,200.000
16.3.2018,"1.000,00","1.000,00","980,00","994,25","-0,51",550.0,546.839,546.839
15.3.2018,"1.000,00","1.000,00","999,00","999,30","-0,04",400.0,399.722,399.722
14.3.2018,"999,00","1.000,00","965,00","999,67","0,69",768.0,767.745,767.745
13.3.2018,"1.000,00","1.000,00","980,00","992,85","2,36",2.896,2.875.306,6.026.906
12.3.2018,"980,00","980,00","955,00","970,00","1,56",750.0,727.500,727.500
09.3.2018,"955,00","956,00","955,00","955,07","0,01",683.0,652.315,652.315
08.3.2018,"955,00","955,00","955,00","955,00","-2,95",1.981,1.891.855,1.891.855
07.3.2018,"984,00","984,00","984,00","984,00","2,96",74.0,72.816,1.576.816
06.3.2018,"950,00","970,00","950,00","955,71","-4,35",438.0,418.600,4.218.600
05.3.2018,"1.000,00","1.000,00","999,00","999,22","-0,14",405.0,404.685,404.685
02.3.2018,"999,00","1.002,00","999,00","1.000,60","-1,28",315.0,315.190,315.190
01.3.2018,"1.030,00","1.049,00","999,00","1.013,58","3,52",2.541,2.575.501,2.575.501
28.2.2018,"999,00",,,"979,14","0,00",0.0,0,0
27.2.2018,"999,00","999,00","953,00","979,14","2,74",295.0,288.846,288.846
26.2.2018,"953,00","953,00","953,00","953,00","0,00",60.0,57.180,57.180
23.2.2018,"953,00",,,"953,00","0,00",0.0,0,0
22.2.2018,"953,00","953,00","953,00","953,00","0,00",55.0,52.415,52.415
21.2.2018,"953,00","953,00","953,00","953,00","0,63",62.0,59.086,59.086
20.2.2018,"947,00","947,00","947,00","947,00","-2,97",120.0,113.640,113.640
19.2.2018,"976,00",,,"976,00","0,00",0.0,0,0
16.2.2018,"976,00",,,"976,00","0,00",0.0,0,0
15.2.2018,"976,00",,,"976,00","0,00",0.0,0,0
14.2.2018,"976,00",,,"976,00","0,00",0.0,0,0
13.2.2018,"976,00",,,"976,00","0,00",0.0,0,0
12.2.2018,"976,00","976,00","976,00","976,00","3,53",100.0,97.600,97.600
09.2.2018,"978,00","978,00","928,00","942,70","4,63",247.0,232.848,232.848
08.2.2018,"901,00","901,00","901,00","901,00","0,11",30.0,27.030,27.030
07.2.2018,"900,00","900,00","900,00","900,00","-9,46",10.0,9.000,9.000
06.2.2018,"994,00","994,00","994,00","994,00","4,63",60.0,59.640,59.640
05.2.2018,"950,00","950,00","950,00","950,00","-4,52",2.0,1.900,1.900
02.2.2018,"995,00","995,00","995,00","995,00","-0,47",36.0,35.820,35.820
01.2.2018,"1.000,00",,,"999,67","0,00",0.0,0,0
31.1.2018,"1.000,00","1.000,00","999,00","999,67","0,01",75.0,74.975,74.975
30.1.2018,"1.000,00","1.000,00","999,00","999,55","-0,04",1.126,1.125.489,4.125.489
29.1.2018,"1.000,00","1.000,00","1.000,00","1.000,00","-0,92",173.0,173.000,173.000
26.1.2018,"1.000,00","1.025,00","1.000,00","1.009,26","0,18",189.0,190.750,190.750
25.1.2018,"1.025,00","1.025,00","1.000,00","1.007,42","0,89",1.072,1.079.950,1.079.950
24.1.2018,"1.000,00","1.000,00","995,00","998,57","2,55",1.204,1.202.275,1.202.275
23.1.2018,"978,00","978,00","950,00","973,78","2,50",1.989,1.936.842,1.936.842
22.1.2018,"950,00","950,00","950,00","950,00","-0,12",730.0,693.500,693.500
18.1.2018,"950,00","952,00","950,00","951,17","1,04",600.0,570.700,570.700
17.1.2018,"960,00","960,00","932,00","941,39","4,00",754.0,709.805,709.805
16.1.2018,"906,00","906,00","880,00","905,18","2,82",475.0,429.960,429.960
15.1.2018,"880,00",,,"880,39","0,00",0.0,0,0
12.1.2018,"880,00",,,"880,39","0,00",0.0,0,0
11.1.2018,"880,00","881,00","880,00","880,39","0,04",259.0,228.020,228.020
10.1.2018,"880,00","880,00","880,00","880,00","5,52",85.0,74.800,74.800
09.1.2018,"834,00","834,00","834,00","834,00","-5,24",143.0,119.262,119.262
05.1.2018,"880,00","900,00","880,00","880,16","2,44",635.0,558.900,558.900
04.1.2018,"860,00","860,00","858,00","859,16","2,28",797.0,684.748,684.748
03.1.2018,"840,00",,,"840,00","0,00",0.0,0,0
02.1.2018,"840,00",,,"840,00","0,00",0.0,0,0
28.12.2017,"840,00","840,00","840,00","840,00","0,67",294.0,246.960,246.960
27.12.2017,"840,00","840,00","825,00","834,45","1,76",1.5,1.251.676,1.251.676
26.12.2017,"820,00","820,00","820,00","820,00","-0,61",50.0,41.000,41.000
25.12.2017,"825,00","825,00","825,00","825,00","1,85",551.0,454.575,454.575
22.12.2017,"810,00","810,00","810,00","810,00","0,00",74.0,59.940,59.940
21.12.2017,"810,00","810,00","810,00","810,00","-2,99",50.0,40.500,40.500
20.12.2017,"835,00",,,"835,00","0,00",0.0,0,0
19.12.2017,"835,00","835,00","835,00","835,00","-0,48",46.0,38.410,38.410
18.12.2017,"839,00","839,00","839,00","839,00","1,25",510.0,427.890,427.890
15.12.2017,"829,00",,,"828,64","0,00",0.0,0,0
14.12.2017,"829,00","829,00","825,00","828,64","2,30",560.0,464.040,464.040
13.12.2017,"810,00","810,00","810,00","810,00","1,23",50.0,40.500,40.500
12.12.2017,"800,00",,,"800,12","0,00",0.0,0,0
11.12.2017,"800,00","801,00","800,00","800,12","0,02",800.0,640.099,640.099
07.12.2017,"800,00","800,00","800,00","800,00","-0,47",242.0,193.600,193.600
06.12.2017,"810,00","810,00","801,00","803,76","-0,45",743.0,597.191,597.191
05.12.2017,"805,00","820,00","805,00","807,41","0,93",498.0,402.090,402.090
04.12.2017,"800,00","800,00","800,00","800,00","-0,03",450.0,360.000,360.000
01.12.2017,"800,00","810,00","800,00","800,22","-1,87",807.0,645.780,645.780
30.11.2017,"810,00",,,"815,48","0,00",0.0,0,0
29.11.2017,"810,00","824,00","810,00","815,48","1,30",485.0,395.510,395.510
28.11.2017,"805,00","805,00","805,00","805,00","1,90",650.0,523.250,523.250
27.11.2017,"790,00","790,00","790,00","790,00","-2,47",1.0,790.000,790.000
24.11.2017,"810,00",,,"810,00","0,00",0.0,0,0
23.11.2017,"810,00","810,00","810,00","810,00","0,78",95.0,76.950,76.950
23.11.2017,"810,00","810,00","810,00","810,00","0,78",95.0,76.950,76.950
22.11.2017,"815,00","815,00","795,00","803,72","-1,50",235.0,188.875,188.875
21.11.2017,"816,00","816,00","816,00","816,00","0,38",157.0,128.112,128.112
20.11.2017,"810,00","824,00","810,00","812,95","-0,74",475.0,386.150,386.150
17.11.2017,"819,00",,,"819,00","0,00",0.0,0,0
16.11.2017,"819,00","819,00","819,00","819,00","-2,93",555.0,454.545,454.545
15.11.2017,"845,00","845,00","840,00","843,76","-2,34",545.0,459.850,459.850
14.11.2017,"864,00",,,"864,00","0,00",0.0,0,0
13.11.2017,"864,00",,,"864,00","0,00",0.0,0,0
10.11.2017,"864,00","864,00","864,00","864,00","2,89",35.0,30.240,30.240
09.11.2017,"840,00",,,"839,74","0,00",0.0,0,0
08.11.2017,"840,00","840,00","839,00","839,74","-0,03",271.0,227.570,227.570
07.11.2017,"840,00",,,"840,00","0,00",0.0,0,0
06.11.2017,"840,00","840,00","840,00","840,00","2,82",215.0,180.600,180.600
03.11.2017,"817,00","817,00","817,00","817,00","2,88",616.0,503.272,503.272
02.11.2017,"803,00","803,00","780,00","794,14","1,81",2.649,2.103.687,2.103.687
01.11.2017,"780,00","780,00","780,00","780,00","8,92",720.0,561.600,26.292.585
31.10.2017,"711,00","740,00","711,00","716,13","-1,22",2.343,1.677.898,1.677.898
30.10.2017,"725,00","725,00","725,00","725,00","-4,66",50.0,36.250,36.250
27.10.2017,"739,00","768,00","723,00","760,45","-2,63",1.737,1.320.895,1.320.895
26.10.2017,"780,00","787,00","780,00","781,01","-3,71",4.557,3.559.074,3.559.074
25.10.2017,"810,00","820,00","810,00","811,11","-2,04",450.0,365.000,365.000
24.10.2017,"828,00","828,00","828,00","828,00","0,00",100.0,82.800,82.800
20.10.2017,"828,00","828,00","828,00","828,00","0,12",228.0,188.784,188.784
19.10.2017,"827,00","827,00","827,00","827,00","0,00",45.0,37.215,37.215
18.10.2017,"827,00","827,00","827,00","827,00","0,07",35.0,28.945,28.945
17.10.2017,"828,00","828,00","820,00","826,42","0,40",152.0,125.616,125.616
16.10.2017,"825,00","825,00","810,00","823,13","2,28",562.0,462.600,462.600
13.10.2017,"810,00",,,"804,77","0,00",0.0,0,0
12.10.2017,"810,00","810,00","803,00","804,77","0,22",613.0,493.324,493.324
10.10.2017,"803,00","803,00","803,00","803,00","1,10",725.0,582.175,582.175
09.10.2017,"803,00",,,"794,27","0,00",0.0,0,0
06.10.2017,"803,00","803,00","793,00","794,27","1,83",458.0,363.774,363.774
05.10.2017,"780,00","780,00","780,00","780,00","1,29",1.257,980.460,980.460
04.10.2017,"785,00","785,00","742,00","770,06","6,95",310.0,238.720,238.720
03.10.2017,"720,00",,,"720,00","0,00",0.0,0,1.353.600
02.10.2017,"720,00","720,00","720,00","720,00","-4,26",36.058,25.961.760,25.961.760
29.9.2017,"752,00",,,"752,00","0,00",0.0,0,0
28.9.2017,"752,00",,,"752,00","0,00",0.0,0,0
27.9.2017,"752,00","752,00","752,00","752,00","-2,97",40.0,30.080,30.080
26.9.2017,"775,00",,,"775,00","0,00",0.0,0,0
25.9.2017,"775,00","775,00","775,00","775,00","-0,13",50.0,38.750,38.750
22.9.2017,"776,00","776,00","776,00","776,00","-3,00",5.0,3.880,3.880
21.9.2017,"800,00",,,"800,00","0,00",0.0,0,0
20.9.2017,"800,00",,,"800,00","0,00",0.0,0,0
19.9.2017,"800,00",,,"800,00","0,00",0.0,0,0
18.9.2017,"800,00",,,"800,00","0,00",0.0,0,0
15.9.2017,"800,00","800,00","800,00","800,00","-1,93",115.0,92.000,92.000
14.9.2017,"815,00",,,"815,78","0,00",0.0,0,0
13.9.2017,"815,00","818,00","815,00","815,78","-0,25",600.0,489.470,489.470
12.9.2017,"819,00","819,00","817,00","817,83","-0,27",858.0,701.702,701.702
11.9.2017,"819,00","830,00","817,00","820,05","-1,20",2.758,2.261.702,2.261.702
07.9.2017,"830,00","830,00","830,00","830,00","0,11",587.0,487.210,487.210
06.9.2017,"830,00","830,00","825,00","829,09","0,20",828.0,686.490,686.490
05.9.2017,"839,00",,,"827,47","0,00",0.0,0,0
04.9.2017,"839,00",,,"827,47","0,00",0.0,0,0
01.9.2017,"839,00",,,"827,47","0,00",0.0,0,0
31.8.2017,"839,00","839,00","825,00","827,47","-1,84",170.0,140.670,140.670
30.8.2017,"843,00",,,"843,00","0,00",0.0,0,0
29.8.2017,"843,00",,,"843,00","0,00",0.0,0,0
25.8.2017,"843,00",,,"843,00","0,00",0.0,0,0
24.8.2017,"843,00",,,"843,00","0,00",0.0,0,0
23.8.2017,"843,00",,,"843,00","0,00",0.0,0,0
22.8.2017,"843,00","843,00","843,00","843,00","-0,12",481.0,405.483,405.483
21.8.2017,"844,00","844,00","844,00","844,00","0,00",50.0,42.200,42.200
18.8.2017,"844,00","845,00","844,00","844,04","2,72",1.867,1.575.818,1.575.818
17.8.2017,"821,00","822,00","821,00","821,71","-2,50",141.0,115.861,115.861
16.8.2017,"844,00",,,"842,77","0,00",0.0,0,0
15.8.2017,"844,00","844,00","840,00","842,77","-0,15",326.0,274.744,274.744
14.8.2017,"844,00",,,"844,00","0,00",0.0,0,0
11.8.2017,"844,00",,,"844,00","0,00",0.0,0,0
10.8.2017,"844,00","844,00","844,00","844,00","0,00",300.0,253.200,253.200
09.8.2017,"844,00",,,"844,00","0,00",0.0,0,0
08.8.2017,"844,00","844,00","844,00","844,00","2,93",970.0,818.680,818.680
07.8.2017,"820,00",,,"820,00","0,00",0.0,0,0
04.8.2017,"820,00",,,"820,00","0,00",0.0,0,0
03.8.2017,"820,00","820,00","820,00","820,00","-2,96",40.0,32.800,32.800
01.8.2017,"845,00","845,00","845,00","845,00","0,00",10.0,8.450,8.450
31.7.2017,"845,00","845,00","845,00","845,00","0,54",150.0,126.750,126.750
28.7.2017,"849,00",,,"840,48","0,00",0.0,0,0
27.7.2017,"849,00",,,"840,48","0,00",0.0,0,0
26.7.2017,"849,00","849,00","819,00","840,48","1,89",763.0,641.286,641.286
25.7.2017,"825,00","825,00","824,00","824,91","0,24",1.155,952.775,952.775
24.7.2017,"823,00","823,00","810,00","822,96","2,90",910.0,748.891,748.891
21.7.2017,"800,00","800,00","799,00","799,80","0,02",2.235,1.787.542,1.787.542
20.7.2017,"799,00","800,00","799,00","799,65","-0,04",1.653,1.321.819,1.321.819
19.7.2017,"800,00","800,00","800,00","800,00","0,00",152.0,121.600,121.600
18.7.2017,"800,00","800,00","800,00","800,00","0,00",108.0,86.400,86.400
17.7.2017,"800,00","800,00","800,00","800,00","0,69",20.0,16.000,16.000
14.7.2017,"795,00",,,"794,54","0,00",0.0,0,0
13.7.2017,"795,00","795,00","794,00","794,54","2,92",216.0,171.620,171.620
12.7.2017,"772,00","772,00","772,00","772,00","2,93",100.0,77.200,77.200
11.7.2017,"750,00","750,00","750,00","750,00","0,00",132.0,99.000,99.000
10.7.2017,"750,00","750,00","750,00","750,00","2,95",347.0,260.250,260.250
07.7.2017,"722,00",,,"728,48","0,00",0.0,0,0
06.7.2017,"722,00",,,"728,48","0,00",0.0,0,0
05.7.2017,"722,00",,,"728,48","0,00",0.0,0,0
04.7.2017,"722,00",,,"728,48","0,00",0.0,0,0
03.7.2017,"722,00",,,"728,48","0,00",0.0,0,0
30.6.2017,"722,00",,,"728,48","0,00",0.0,0,0
29.6.2017,"722,00",,,"728,48","0,00",0.0,0,0
28.6.2017,"722,00","736,00","722,00","728,48","-0,89",195.0,142.054,142.054
27.6.2017,"735,00",,,"735,00","0,00",0.0,0,0
23.6.2017,"735,00",,,"735,00","0,00",0.0,0,0
22.6.2017,"735,00",,,"735,00","0,00",0.0,0,0
21.6.2017,"735,00",,,"735,00","0,00",0.0,0,0
20.6.2017,"735,00",,,"735,00","0,00",0.0,0,0
19.6.2017,"735,00",,,"735,00","0,00",0.0,0,0
16.6.2017,"735,00",,,"735,00","0,00",0.0,0,0
15.6.2017,"735,00",,,"735,00","0,00",0.0,0,0
14.6.2017,"735,00",,,"735,00","0,00",0.0,0,0
13.6.2017,"735,00",,,"735,00","0,00",0.0,0,0
12.6.2017,"735,00",,,"735,00","0,00",0.0,0,0
09.6.2017,"735,00",,,"735,00","0,00",0.0,0,0
08.6.2017,"735,00",,,"735,00","0,00",0.0,0,0
07.6.2017,"735,00","735,00","735,00","735,00","2,94",15.0,11.025,11.025
06.6.2017,"714,00","714,00","714,00","714,00","0,71",50.0,35.700,35.700
05.6.2017,"709,00",,,"709,00","0,00",0.0,0,0
01.6.2017,"709,00","709,00","709,00","709,00","0,19",120.0,85.080,85.080
31.5.2017,"709,00",,,"707,69","0,00",0.0,0,0
30.5.2017,"709,00",,,"707,69","0,00",0.0,0,0
29.5.2017,"709,00","709,00","700,00","707,69","-3,06",686.0,485.474,485.474
26.5.2017,"730,00","730,00","730,00","730,00","-9,88",300.0,219.000,219.000
25.5.2017,"810,00",,,"810,00","0,00",0.0,0,0
23.5.2017,"810,00",,,"810,00","0,00",0.0,0,0
22.5.2017,"810,00",,,"810,00","0,00",0.0,0,0
19.5.2017,"810,00","810,00","810,00","810,00","0,87",40.0,32.400,32.400
18.5.2017,"803,00",,,"803,00","0,00",0.0,0,0
17.5.2017,"803,00",,,"803,00","0,00",0.0,0,0
16.5.2017,"803,00",,,"803,00","0,00",0.0,0,0
15.5.2017,"803,00",,,"803,00","0,00",0.0,0,0
12.5.2017,"803,00",,,"803,00","0,00",0.0,0,0
11.5.2017,"803,00",,,"803,00","0,00",0.0,0,0
10.5.2017,"803,00",,,"803,00","0,00",0.0,0,0
09.5.2017,"803,00",,,"803,00","0,00",0.0,0,0
08.5.2017,"803,00",,,"803,00","0,00",0.0,0,0
05.5.2017,"803,00",,,"803,00","0,00",0.0,0,0
04.5.2017,"803,00",,,"803,00","0,00",0.0,0,0
03.5.2017,"803,00",,,"803,00","0,00",0.0,0,0
02.5.2017,"803,00",,,"803,00","0,00",0.0,0,0
28.4.2017,"803,00",,,"803,00","0,00",0.0,0,0
27.4.2017,"803,00",,,"803,00","0,00",0.0,0,0
26.4.2017,"803,00",,,"803,00","0,00",0.0,0,0
25.4.2017,"803,00",,,"803,00","0,00",0.0,0,0
24.4.2017,"803,00",,,"803,00","0,00",0.0,0,0
21.4.2017,"803,00",,,"803,00","0,00",0.0,0,0
20.4.2017,"803,00",,,"803,00","0,00",0.0,0,0
19.4.2017,"803,00",,,"803,00","0,00",0.0,0,0
18.4.2017,"803,00",,,"803,00","0,00",0.0,0,0
13.4.2017,"803,00",,,"803,00","0,00",0.0,0,0
12.4.2017,"803,00",,,"803,00","0,00",0.0,0,0
11.4.2017,"803,00","803,00","803,00","803,00","0,00",2.339,1.878.217,1.878.217
10.4.2017,"803,00",,,"803,00","0,00",0.0,0,0
07.4.2017,"803,00",,,"803,00","0,00",0.0,0,0
06.4.2017,"803,00","803,00","803,00","803,00","0,00",139.0,111.617,111.617
05.4.2017,"803,00",,,"803,00","0,00",0.0,0,0
04.4.2017,"803,00","803,00","803,00","803,00","2,95",812.0,652.036,652.036
03.4.2017,"780,00","780,00","780,00","780,00","2,90",250.0,195.000,195.000
31.3.2017,"758,00",,,"758,00","0,00",0.0,0,0
30.3.2017,"758,00",,,"758,00","0,00",0.0,0,0
29.3.2017,"758,00",,,"758,00","0,00",0.0,0,0
28.3.2017,"758,00","758,00","758,00","758,00","-2,94",5.0,3.790,3.790
27.3.2017,"781,00",,,"781,00","0,00",0.0,0,0
24.3.2017,"781,00",,,"781,00","0,00",0.0,0,0
23.3.2017,"781,00",,,"781,00","0,00",0.0,0,0
22.3.2017,"781,00",,,"781,00","0,00",0.0,0,0
21.3.2017,"781,00",,,"781,00","0,00",0.0,0,0
20.3.2017,"781,00",,,"781,00","0,00",0.0,0,0
17.3.2017,"781,00","781,00","781,00","781,00","-4,17",99.0,77.319,77.319
16.3.2017,"815,00",,,"815,00","0,00",0.0,0,0
15.3.2017,"815,00","815,00","815,00","815,00","-1,45",147.0,119.805,119.805
14.3.2017,"827,00",,,"827,00","0,00",0.0,0,0
13.3.2017,"827,00",,,"827,00","0,00",0.0,0,0
10.3.2017,"827,00",,,"827,00","0,00",0.0,0,0
09.3.2017,"827,00",,,"827,00","0,00",0.0,0,0
08.3.2017,"827,00",,,"827,00","0,00",0.0,0,0
07.3.2017,"827,00","827,00","827,00","827,00","-2,93",100.0,82.700,82.700
06.3.2017,"852,00",,,"852,00","0,00",0.0,0,0
03.3.2017,"852,00","852,00","852,00","852,00","0,00",202.0,172.104,172.104
02.3.2017,"852,00",,,"852,00","0,00",0.0,0,0
01.3.2017,"852,00","852,00","852,00","852,00","9,94",55.0,46.860,46.860
28.2.2017,"775,00","775,00","775,00","775,00","8,39",171.0,132.525,132.525
27.2.2017,"715,00",,,"715,00","0,00",0.0,0,0
24.2.2017,"715,00",,,"715,00","0,00",0.0,0,0
23.2.2017,"715,00",,,"715,00","0,00",0.0,0,0
22.2.2017,"715,00","715,00","715,00","715,00","1,42",7.0,5.005,5.005
21.2.2017,"705,00",,,"705,01","0,00",0.0,0,0
20.2.2017,"705,00",,,"705,01","0,00",0.0,0,0
17.2.2017,"705,00",,,"705,01","0,00",0.0,0,0
16.2.2017,"705,00","706,00","705,00","705,01","0,72",1.145,807.235,807.235
15.2.2017,"700,00",,,"700,00","0,00",0.0,0,0
14.2.2017,"700,00","700,00","700,00","700,00","-1,96",50.0,35.000,35.000
13.2.2017,"714,00",,,"714,00","0,00",0.0,0,0
10.2.2017,"714,00","714,00","714,00","714,00","2,26",489.0,349.146,349.146
09.2.2017,"698,00",,,"698,23","0,00",0.0,0,0
08.2.2017,"698,00",,,"698,23","0,00",0.0,0,0
07.2.2017,"698,00",,,"698,23","0,00",0.0,0,0
06.2.2017,"698,00",,,"698,23","0,00",0.0,0,0
03.2.2017,"698,00",,,"698,23","0,00",0.0,0,0
02.2.2017,"698,00","699,00","698,00","698,23","-2,62",220.0,153.610,153.610
01.2.2017,"717,00",,,"717,00","0,00",0.0,0,0
31.1.2017,"717,00",,,"717,00","0,00",0.0,0,0
30.1.2017,"717,00",,,"717,00","0,00",0.0,0,0
27.1.2017,"717,00",,,"717,00","0,00",0.0,0,0
26.1.2017,"717,00","717,00","717,00","717,00","-0,32",250.0,179.250,179.250
25.1.2017,"718,00",,,"719,31","0,00",0.0,0,0
24.1.2017,"718,00",,,"719,31","0,00",0.0,0,0
23.1.2017,"718,00",,,"719,31","0,00",0.0,0,0
20.1.2017,"718,00",,,"719,31","0,00",0.0,0,0
18.1.2017,"718,00","720,00","718,00","719,31","-0,23",1.031,741.606,741.606
17.1.2017,"721,00","721,00","721,00","721,00","3,00",20.0,14.420,14.420
16.1.2017,"700,00",,,"700,00","0,00",0.0,0,0
13.1.2017,"700,00",,,"700,00","0,00",0.0,0,0
12.1.2017,"700,00","700,00","700,00","700,00","-2,20",162.0,113.400,113.400
11.1.2017,"719,00",,,"715,77","0,00",0.0,0,0
10.1.2017,"719,00",,,"715,77","0,00",0.0,0,0
09.1.2017,"719,00",,,"715,77","0,00",0.0,0,0
05.1.2017,"719,00",,,"715,77","0,00",0.0,0,0
04.1.2017,"719,00","719,00","700,00","715,77","2,40",200.0,143.154,143.154
03.1.2017,"699,00",,,"698,97","0,00",0.0,0,0
29.12.2016,"699,00",,,"698,97","0,00",0.0,0,0
28.12.2016,"699,00",,,"698,97","0,00",0.0,0,0
27.12.2016,"699,00",,,"698,97","0,00",0.0,0,0
26.12.2016,"699,00",,,"698,97","0,00",0.0,0,0
23.12.2016,"699,00",,,"698,97","0,00",0.0,0,0
22.12.2016,"699,00",,,"698,97","0,00",0.0,0,0
21.12.2016,"699,00","699,00","698,00","698,97","0,00",1.526,1.066.624,1.066.624
20.12.2016,"699,00",,,"699,00","0,00",0.0,0,0
19.12.2016,"699,00",,,"699,00","0,00",0.0,0,0
16.12.2016,"699,00","699,00","699,00","699,00","6,56",55.0,38.445,38.445
15.12.2016,"656,00",,,"655,97","0,00",0.0,0,0
14.12.2016,"656,00",,,"655,97","0,00",0.0,0,0
13.12.2016,"656,00",,,"655,97","0,00",0.0,0,0
12.12.2016,"656,00",,,"655,97","0,00",0.0,0,0
09.12.2016,"656,00",,,"655,97","0,00",0.0,0,0
07.12.2016,"656,00","656,00","655,00","655,97","-6,16",330.0,216.470,216.470
06.12.2016,"699,00",,,"699,00","0,00",0.0,0,0
05.12.2016,"699,00",,,"699,00","0,00",0.0,0,0
02.12.2016,"699,00",,,"699,00","0,00",0.0,0,0
01.12.2016,"699,00","699,00","699,00","699,00","-0,14",170.0,118.830,118.830
29.11.2016,"700,00","700,00","700,00","700,00","0,00",792.0,554.400,554.400
28.11.2016,"700,00","700,00","700,00","700,00","4,48",220.0,154.000,154.000
25.11.2016,"670,00","670,00","670,00","670,00","-8,96",10.0,6.700,6.700
24.11.2016,"730,00",,,"735,93","0,00",0.0,0,0
24.11.2016,"730,00",,,"735,93","0,00",0.0,0,0
23.11.2016,"730,00",,,"735,93","0,00",0.0,0,0
22.11.2016,"730,00",,,"735,93","0,00",0.0,0,0
21.11.2016,"730,00",,,"735,93","0,00",0.0,0,0
18.11.2016,"730,00","738,00","730,00","735,93","2,21",270.0,198.700,198.700
17.11.2016,"720,00","720,00","720,00","720,00","0,41",100.0,72.000,72.000
16.11.2016,"735,00",,,"717,03","0,00",0.0,0,0
15.11.2016,"735,00","735,00","716,00","717,03","0,14",556.0,398.666,398.666
14.11.2016,"716,00","716,00","716,00","716,00","9,98",50.0,35.800,35.800
11.11.2016,"651,00",,,"651,00","0,00",0.0,0,0
10.11.2016,"651,00",,,"651,00","0,00",0.0,0,0
09.11.2016,"651,00",,,"651,00","0,00",0.0,0,0
08.11.2016,"651,00",,,"651,00","0,00",0.0,0,0
07.11.2016,"651,00",,,"651,00","0,00",0.0,0,0
04.11.2016,"651,00","651,00","651,00","651,00","0,00",133.0,86.583,86.583
03.11.2016,"651,00","651,00","651,00","651,00","2,89",40.0,26.040,26.040
02.11.2016,"631,00","650,00","631,00","632,73","4,34",2.2,1.392.000,1.392.000
01.11.2016,"610,00",,,"606,40","0,00",0.0,0,0
31.10.2016,"610,00",,,"606,40","0,00",0.0,0,0
28.10.2016,"610,00",,,"606,40","0,00",0.0,0,0
27.10.2016,"610,00",,,"606,40","0,00",0.0,0,0
26.10.2016,"610,00","610,00","601,00","606,40","-0,59",500.0,303.200,303.200
25.10.2016,"610,00",,,"610,00","0,00",0.0,0,0
21.10.2016,"610,00",,,"610,00","0,00",0.0,0,0
20.10.2016,"610,00","610,00","610,00","610,00","0,00",5.0,3.050,3.050
19.10.2016,"610,00",,,"610,00","0,00",0.0,0,0
18.10.2016,"610,00",,,"610,00","0,00",0.0,0,0
17.10.2016,"610,00","610,00","610,00","610,00","1,67",2.0,1.220.000,1.220.000
14.10.2016,"600,00",,,"600,00","0,00",0.0,0,0
13.10.2016,"600,00",,,"600,00","0,00",0.0,0,0
12.10.2016,"600,00",,,"600,00","0,00",0.0,0,0
10.10.2016,"600,00",,,"600,00","0,00",0.0,0,0
07.10.2016,"600,00",,,"600,00","0,00",0.0,0,0
06.10.2016,"600,00","600,00","600,00","600,00","0,00",132.0,79.200,79.200
05.10.2016,"600,00","600,00","600,00","600,00","-0,69",30.0,18.000,18.000
04.10.2016,"600,00","610,00","600,00","604,19","-0,98",160.0,96.670,96.670
03.10.2016,"610,00",,,"610,18","0,00",0.0,0,0
30.9.2016,"610,00",,,"610,18","0,00",0.0,0,0
29.9.2016,"610,00",,,"610,18","0,00",0.0,0,0
28.9.2016,"610,00",,,"610,18","0,00",0.0,0,0
27.9.2016,"610,00","611,00","610,00","610,18","0,86",2.5,1.525.450,1.525.450
26.9.2016,"605,00",,,"605,00","0,00",0.0,0,0
23.9.2016,"605,00",,,"605,00","0,00",0.0,0,0
22.9.2016,"605,00",,,"605,00","0,00",0.0,0,0
21.9.2016,"605,00",,,"605,00","0,00",0.0,0,0
20.9.2016,"605,00",,,"605,00","0,00",0.0,0,0
19.9.2016,"605,00",,,"605,00","0,00",0.0,0,0
16.9.2016,"605,00",,,"605,00","0,00",0.0,0,0
15.9.2016,"605,00",,,"605,00","0,00",0.0,0,0
14.9.2016,"605,00",,,"605,00","0,00",0.0,0,0
13.9.2016,"605,00",,,"605,00","0,00",0.0,0,0
12.9.2016,"605,00",,,"605,00","0,00",0.0,0,0
09.9.2016,"605,00",,,"605,00","0,00",0.0,0,0
07.9.2016,"605,00","605,00","605,00","605,00","0,00",257.0,155.485,155.485
06.9.2016,"605,00",,,"605,00","0,00",0.0,0,0
05.9.2016,"605,00","605,00","605,00","605,00","0,00",2.0,1.210.000,1.210.000
02.9.2016,"605,00",,,"605,00","0,00",0.0,0,0
01.9.2016,"605,00","605,00","605,00","605,00","-2,10",5.0,3.025,3.025
31.8.2016,"618,00",,,"618,00","0,00",0.0,0,0
30.8.2016,"618,00","618,00","618,00","618,00","3,00",30.0,18.540,18.540
29.8.2016,"600,00",,,"600,00","0,00",0.0,0,0
26.8.2016,"600,00","600,00","600,00","600,00","0,00",2.345,1.407.000,1.407.000
25.8.2016,"600,00",,,"600,00","0,00",0.0,0,0
24.8.2016,"600,00",,,"600,00","0,00",0.0,0,0
23.8.2016,"600,00","600,00","600,00","600,00","0,00",1.3,780.000,780.000
22.8.2016,"600,00",,,"600,00","0,00",0.0,0,0
19.8.2016,"600,00",,,"600,00","0,00",0.0,0,0
18.8.2016,"600,00","600,00","600,00","600,00","0,00",1.745,1.047.000,1.047.000
17.8.2016,"600,00",,,"600,00","0,00",0.0,0,0
16.8.2016,"600,00",,,"600,00","0,00",0.0,0,0
15.8.2016,"600,00",,,"600,00","0,00",0.0,0,0
12.8.2016,"600,00",,,"600,00","0,00",0.0,0,0
11.8.2016,"600,00",,,"600,00","0,00",0.0,0,0
10.8.2016,"600,00",,,"600,00","0,00",0.0,0,0
09.8.2016,"600,00",,,"600,00","0,00",0.0,0,0
08.8.2016,"600,00","600,00","600,00","600,00","0,00",200.0,120.000,120.000
05.8.2016,"600,00","600,00","600,00","600,00","0,00",100.0,60.000,60.000
04.8.2016,"600,00",,,"600,00","0,00",0.0,0,0
03.8.2016,"600,00",,,"600,00","0,00",0.0,0,0
01.8.2016,"600,00",,,"600,00","0,00",0.0,0,0
29.7.2016,"600,00",,,"600,00","0,00",0.0,0,0
28.7.2016,"600,00",,,"600,00","0,00",0.0,0,0
27.7.2016,"600,00",,,"600,00","0,00",0.0,0,0
26.7.2016,"600,00",,,"600,00","0,00",0.0,0,0
25.7.2016,"600,00","600,00","600,00","600,00","0,00",310.0,186.000,186.000
22.7.2016,"600,00",,,"600,00","0,00",0.0,0,0
21.7.2016,"600,00",,,"600,00","0,00",0.0,0,0
20.7.2016,"600,00","600,00","600,00","600,00","0,00",190.0,114.000,114.000
19.7.2016,"600,00","600,00","600,00","600,00","0,00",200.0,120.000,120.000
18.7.2016,"600,00",,,"600,00","0,00",0.0,0,0
15.7.2016,"600,00","600,00","600,00","600,00","0,06",100.0,60.000,60.000
14.7.2016,"600,00",,,"599,64","0,00",0.0,0,0
13.7.2016,"600,00",,,"599,64","0,00",0.0,0,0
12.7.2016,"600,00",,,"599,64","0,00",0.0,0,0
11.7.2016,"600,00",,,"599,64","0,00",0.0,0,0
08.7.2016,"600,00",,,"599,64","0,00",0.0,0,0
07.7.2016,"600,00",,,"599,64","0,00",0.0,0,0
06.7.2016,"600,00",,,"599,64","0,00",0.0,0,0
04.7.2016,"600,00",,,"599,64","0,00",0.0,0,0
01.7.2016,"600,00",,,"599,64","0,00",0.0,0,0
30.6.2016,"600,00",,,"599,64","0,00",0.0,0,0
29.6.2016,"600,00",,,"599,64","0,00",0.0,0,0
28.6.2016,"600,00",,,"599,64","0,00",0.0,0,0
27.6.2016,"600,00",,,"599,64","0,00",0.0,0,0
24.6.2016,"600,00",,,"599,64","0,00",0.0,0,0
23.6.2016,"600,00",,,"599,64","0,00",0.0,0,0
22.6.2016,"600,00",,,"599,64","0,00",0.0,0,0
21.6.2016,"600,00",,,"599,64","0,00",0.0,0,0
20.6.2016,"600,00",,,"599,64","0,00",0.0,0,0
16.6.2016,"600,00",,,"599,64","0,00",0.0,0,0
15.6.2016,"600,00",,,"599,64","0,00",0.0,0,0
14.6.2016,"600,00",,,"599,64","0,00",0.0,0,0
13.6.2016,"600,00",,,"599,64","0,00",0.0,0,0
10.6.2016,"600,00",,,"599,64","0,00",0.0,0,0
09.6.2016,"600,00",,,"599,64","0,00",0.0,0,0
08.6.2016,"600,00",,,"599,64","0,00",0.0,0,0
07.6.2016,"600,00",,,"599,64","0,00",0.0,0,0
06.6.2016,"600,00",,,"599,64","0,00",0.0,0,0
03.6.2016,"600,00",,,"599,64","0,00",0.0,0,0
02.6.2016,"600,00",,,"599,64","0,00",0.0,0,0
01.6.2016,"600,00",,,"599,64","0,00",0.0,0,0
31.5.2016,"600,00",,,"599,64","0,00",0.0,0,0
30.5.2016,"600,00",,,"599,64","0,00",0.0,0,0
27.5.2016,"600,00","600,00","599,00","599,64","-0,06",1.103,661.400,661.400
26.5.2016,"600,00",,,"600,00","0,00",0.0,0,0
25.5.2016,"600,00",,,"600,00","0,00",0.0,0,0
23.5.2016,"600,00",,,"600,00","0,00",0.0,0,0
20.5.2016,"600,00",,,"600,00","0,00",0.0,0,0
19.5.2016,"600,00",,,"600,00","0,00",0.0,0,0
18.5.2016,"600,00",,,"600,00","0,00",0.0,0,0
17.5.2016,"600,00",,,"600,00","0,00",0.0,0,0
16.5.2016,"600,00",,,"600,00","0,00",0.0,0,0
13.5.2016,"600,00",,,"600,00","0,00",0.0,0,0
12.5.2016,"600,00",,,"600,00","0,00",0.0,0,0
11.5.2016,"600,00",,,"600,00","0,00",0.0,0,0
10.5.2016,"600,00",,,"600,00","0,00",0.0,0,0
09.5.2016,"600,00",,,"600,00","0,00",0.0,0,0
06.5.2016,"600,00",,,"600,00","0,00",0.0,0,0
05.5.2016,"600,00",,,"600,00","0,00",0.0,0,0
04.5.2016,"600,00",,,"600,00","0,00",0.0,0,0
03.5.2016,"600,00",,,"600,00","0,00",0.0,0,0
28.4.2016,"600,00",,,"600,00","0,00",0.0,0,0
27.4.2016,"600,00",,,"600,00","0,00",0.0,0,0
26.4.2016,"600,00",,,"600,00","0,00",0.0,0,0
25.4.2016,"600,00","600,00","600,00","600,00","0,84",214.0,128.400,128.400
22.4.2016,"595,00",,,"595,00","0,00",0.0,0,0
21.4.2016,"595,00",,,"595,00","0,00",0.0,0,0
20.4.2016,"595,00","595,00","595,00","595,00","0,00",407.0,242.165,242.165
19.4.2016,"595,00","595,00","595,00","595,00","0,85",300.0,178.500,178.500
18.4.2016,"590,00","590,00","590,00","590,00","0,00",100.0,59.000,59.000
15.4.2016,"590,00","590,00","590,00","590,00","1,37",100.0,59.000,59.000
14.4.2016,"582,00",,,"582,00","0,00",0.0,0,0
13.4.2016,"582,00",,,"582,00","0,00",0.0,0,0
12.4.2016,"582,00","582,00","582,00","582,00","0,00",205.0,119.310,119.310
11.4.2016,"582,00",,,"582,00","0,00",0.0,0,0
08.4.2016,"582,00",,,"582,00","0,00",0.0,0,0
07.4.2016,"582,00","582,00","582,00","582,00","0,00",300.0,174.600,174.600
06.4.2016,"582,00","582,00","582,00","582,00","-3,00",500.0,291.000,291.000
05.4.2016,"600,00",,,"600,00","0,00",0.0,0,0
04.4.2016,"600,00",,,"600,00","0,00",0.0,0,0
01.4.2016,"600,00",,,"600,00","0,00",0.0,0,0
31.3.2016,"600,00",,,"600,00","0,00",0.0,0,0
30.3.2016,"600,00",,,"600,00","0,00",0.0,0,0
29.3.2016,"600,00",,,"600,00","0,00",0.0,0,0
28.3.2016,"600,00",,,"600,00","0,00",0.0,0,0
25.3.2016,"600,00","600,00","600,00","600,00","0,00",164.0,98.400,98.400
24.3.2016,"600,00",,,"600,00","0,00",0.0,0,0
23.3.2016,"600,00","600,00","600,00","600,00","0,00",647.0,388.200,388.200
22.3.2016,"600,00","600,00","600,00","600,00","-4,76",53.0,31.800,31.800
21.3.2016,"630,00",,,"630,00","0,00",0.0,0,0
18.3.2016,"630,00",,,"630,00","0,00",0.0,0,0
17.3.2016,"630,00",,,"630,00","0,00",0.0,0,0
16.3.2016,"630,00",,,"630,00","0,00",0.0,0,0
15.3.2016,"630,00",,,"630,00","0,00",0.0,0,0
14.3.2016,"630,00",,,"630,00","0,00",0.0,0,0
11.3.2016,"630,00",,,"630,00","0,00",0.0,0,0
10.3.2016,"630,00","630,00","630,00","630,00","0,00",66.0,41.580,41.580
09.3.2016,"630,00",,,"630,00","0,00",0.0,0,0
08.3.2016,"630,00","630,00","630,00","630,00","0,00",300.0,189.000,189.000
07.3.2016,"630,00",,,"630,00","0,00",0.0,0,0
04.3.2016,"630,00","630,00","630,00","630,00","5,00",1.545,973.350,973.350
03.3.2016,"600,00",,,"600,00","0,00",0.0,0,0
02.3.2016,"600,00","600,00","600,00","600,00","-0,17",156.0,93.600,93.600
01.3.2016,"601,00",,,"601,00","0,00",0.0,0,0
29.2.2016,"601,00",,,"601,00","0,00",0.0,0,0
26.2.2016,"601,00",,,"601,00","0,00",0.0,0,0
25.2.2016,"601,00",,,"601,00","0,00",0.0,0,0
24.2.2016,"601,00","601,00","601,00","601,00","-6,09",170.0,102.170,102.170
23.2.2016,"640,00","640,00","640,00","640,00","4,07",5.0,3.200,3.200
22.2.2016,"615,00",,,"615,00","0,00",0.0,0,0
19.2.2016,"615,00",,,"615,00","0,00",0.0,0,0
18.2.2016,"615,00",,,"615,00","0,00",0.0,0,0
17.2.2016,"615,00",,,"615,00","0,00",0.0,0,0
16.2.2016,"615,00",,,"615,00","0,00",0.0,0,0
15.2.2016,"615,00","615,00","615,00","615,00","-3,91",357.0,219.555,219.555
12.2.2016,"640,00",,,"640,00","0,00",0.0,0,0
11.2.2016,"640,00",,,"640,00","0,00",0.0,0,0
10.2.2016,"640,00","640,00","640,00","640,00","0,00",100.0,64.000,64.000
09.2.2016,"640,00","640,00","640,00","640,00","-3,03",460.0,294.400,294.400
08.2.2016,"660,00",,,"660,00","0,00",0.0,0,0
05.2.2016,"660,00",,,"660,00","0,00",0.0,0,0
04.2.2016,"660,00",,,"660,00","0,00",0.0,0,0
03.2.2016,"660,00",,,"660,00","0,00",0.0,0,0
02.2.2016,"660,00","660,00","660,00","660,00","0,00",200.0,132.000,132.000
01.2.2016,"660,00",,,"660,00","0,00",0.0,0,0
29.1.2016,"660,00","660,00","660,00","660,00","-0,60",1.625,1.072.500,1.072.500
28.1.2016,"700,00",,,"664,00","0,00",0.0,0,0
27.1.2016,"700,00",,,"664,00","0,00",0.0,0,0
26.1.2016,"700,00","700,00","663,00","664,00","0,30",185.0,122.840,122.840
25.1.2016,"662,00","662,00","662,00","662,00","8,52",700.0,463.400,463.400
22.1.2016,"610,00","610,00","610,00","610,00","1,50",13.0,7.930,7.930
21.1.2016,"601,00",,,"601,00","0,00",0.0,0,0
20.1.2016,"601,00","601,00","601,00","601,00","-1,96",290.0,174.290,174.290
18.1.2016,"613,00",,,"613,00","0,00",0.0,0,0
15.1.2016,"613,00",,,"613,00","0,00",0.0,0,0
14.1.2016,"613,00",,,"613,00","0,00",0.0,0,0
13.1.2016,"613,00",,,"613,00","0,00",0.0,0,0
12.1.2016,"613,00",,,"613,00","0,00",0.0,0,0
11.1.2016,"613,00",,,"613,00","0,00",0.0,0,0
08.1.2016,"613,00",,,"613,00","0,00",0.0,0,0
05.1.2016,"613,00","613,00","613,00","613,00","3,03",70.0,42.910,42.910
04.1.2016,"595,00","595,00","595,00","595,00","2,59",632.0,376.040,376.040
30.12.2015,"580,00",,,"580,00","0,00",0.0,0,0
29.12.2015,"580,00",,,"580,00","0,00",0.0,0,0
28.12.2015,"580,00",,,"580,00","0,00",0.0,0,0
25.12.2015,"580,00",,,"580,00","0,00",0.0,0,0
24.12.2015,"580,00",,,"580,00","0,00",0.0,0,0
23.12.2015,"580,00",,,"580,00","0,00",0.0,0,0
22.12.2015,"580,00",,,"580,00","0,00",0.0,0,0
21.12.2015,"580,00",,,"580,00","0,00",0.0,0,0
18.12.2015,"580,00","580,00","580,00","580,00","2,29",738.0,428.040,428.040
17.12.2015,"567,00","567,00","567,00","567,00","2,90",1.2,680.400,680.400
16.12.2015,"551,00","551,00","551,00","551,00","0,18",2.1,1.157.100,1.157.100
15.12.2015,"550,00","550,00","550,00","550,00","4,76",2.45,1.347.500,1.347.500
14.12.2015,"525,00",,,"525,00","0,00",0.0,0,0
11.12.2015,"525,00","525,00","525,00","525,00","1,16",566.0,297.150,297.150
10.12.2015,"519,00","519,00","519,00","519,00","0,00",1.636,849.084,849.084
09.12.2015,"519,00",,,"519,00","0,00",0.0,0,0
07.12.2015,"519,00","519,00","519,00","519,00","-5,64",692.0,359.148,359.148
04.12.2015,"550,00","550,00","550,00","550,00","0,00",41.0,22.550,22.550
03.12.2015,"550,00","550,00","550,00","550,00","-8,18",320.0,176.000,176.000
01.12.2015,"599,00",,,"599,00","0,00",0.0,0,0
30.11.2015,"599,00",,,"599,00","0,00",0.0,0,0
27.11.2015,"599,00",,,"599,00","0,00",0.0,0,0
26.11.2015,"599,00",,,"599,00","0,00",0.0,0,0
26.11.2015,"599,00",,,"599,00","0,00",0.0,0,0
25.11.2015,"599,00","599,00","599,00","599,00","8,91",9.0,5.391,5.391
24.11.2015,"550,00","550,00","550,00","550,00","0,00",80.0,44.000,44.000
23.11.2015,"550,00",,,"550,00","0,00",0.0,0,0
20.11.2015,"550,00",,,"550,00","0,00",0.0,0,0
19.11.2015,"550,00","550,00","550,00","550,00","0,00",370.0,203.500,203.500
18.11.2015,"550,00","550,00","550,00","550,00","0,00",16.0,8.800,8.800
17.11.2015,"550,00","550,00","550,00","550,00","1,29",100.0,55.000,55.000
16.11.2015,"543,00",,,"543,00","0,00",0.0,0,0
13.11.2015,"543,00","543,00","543,00","543,00","19,87",35.0,19.005,19.005
12.11.2015,"453,00",,,"453,00","0,00",0.0,0,0
11.11.2015,"453,00","453,00","453,00","453,00","-13,88",145.584,65.949.552,65.949.552
10.11.2015,"526,00",,,"526,00","0,00",0.0,0,0
09.11.2015,"526,00",,,"526,00","0,00",0.0,0,0
06.11.2015,"526,00",,,"526,00","0,00",0.0,0,0
05.11.2015,"526,00",,,"526,00","0,00",0.0,0,0
04.11.2015,"526,00",,,"526,00","0,00",0.0,0,0
03.11.2015,"526,00","526,00","526,00","526,00","4,57",240.0,126.240,126.240
02.11.2015,"503,00",,,"503,00","0,00",0.0,0,0
30.10.2015,"503,00","503,00","503,00","503,00","0,00",1.115,560.845,560.845
29.10.2015,"503,00",,,"503,00","0,00",0.0,0,0
28.10.2015,"503,00",,,"503,00","0,00",0.0,0,0
27.10.2015,"503,00",,,"503,00","0,00",0.0,0,0
26.10.2015,"503,00","503,00","503,00","503,00","0,00",292.0,146.876,146.876
22.10.2015,"503,00",,,"503,00","0,00",0.0,0,0
21.10.2015,"503,00",,,"503,00","0,00",0.0,0,0
20.10.2015,"503,00",,,"503,00","0,00",0.0,0,0
19.10.2015,"503,00",,,"503,00","0,00",0.0,0,0
16.10.2015,"503,00",,,"503,00","0,00",0.0,0,0
15.10.2015,"503,00",,,"503,00","0,00",0.0,0,0
14.10.2015,"503,00",,,"503,00","0,00",0.0,0,0
13.10.2015,"503,00",,,"503,00","0,00",0.0,0,0
09.10.2015,"503,00",,,"503,00","0,00",0.0,0,0
08.10.2015,"503,00",,,"503,00","0,00",0.0,0,0
07.10.2015,"503,00",,,"503,00","0,00",0.0,0,0
06.10.2015,"503,00",,,"503,00","0,00",0.0,0,0
05.10.2015,"503,00",,,"503,00","0,00",0.0,0,0
02.10.2015,"503,00",,,"503,00","0,00",0.0,0,0
01.10.2015,"503,00",,,"503,00","0,00",0.0,0,0
30.9.2015,"503,00",,,"503,00","0,00",0.0,0,0
29.9.2015,"503,00",,,"503,00","0,00",0.0,0,0
28.9.2015,"503,00",,,"503,00","0,00",0.0,0,0
25.9.2015,"503,00",,,"503,00","0,00",0.0,0,0
24.9.2015,"503,00",,,"503,00","0,00",0.0,0,0
23.9.2015,"503,00",,,"503,00","0,00",0.0,0,0
22.9.2015,"503,00",,,"503,00","0,00",0.0,0,0
21.9.2015,"503,00",,,"503,00","0,00",0.0,0,0
18.9.2015,"503,00",,,"503,00","0,00",0.0,0,0
17.9.2015,"503,00",,,"503,00","0,00",0.0,0,0
16.9.2015,"503,00",,,"503,00","0,00",0.0,0,0
15.9.2015,"503,00",,,"503,00","0,00",0.0,0,0
14.9.2015,"503,00",,,"503,00","0,00",0.0,0,0
11.9.2015,"503,00",,,"503,00","0,00",0.0,0,0
10.9.2015,"503,00",,,"503,00","0,00",0.0,0,0
09.9.2015,"503,00","503,00","503,00","503,00","-2,90",100.0,50.300,50.300
07.9.2015,"518,00",,,"518,00","0,00",0.0,0,0
04.9.2015,"518,00",,,"518,00","0,00",0.0,0,0
03.9.2015,"518,00","518,00","518,00","518,00","2,78",55.0,28.490,28.490
02.9.2015,"504,00",,,"504,00","0,00",0.0,0,0
01.9.2015,"504,00",,,"504,00","0,00",0.0,0,0
31.8.2015,"504,00",,,"504,00","0,00",0.0,0,0
27.8.2015,"504,00",,,"504,00","0,00",0.0,0,0
26.8.2015,"504,00",,,"504,00","0,00",0.0,0,0
25.8.2015,"504,00",,,"504,00","0,00",0.0,0,0
24.8.2015,"504,00",,,"504,00","0,00",0.0,0,0
21.8.2015,"504,00",,,"504,00","0,00",0.0,0,0
20.8.2015,"504,00",,,"504,00","0,00",0.0,0,0
19.8.2015,"504,00",,,"504,00","0,00",0.0,0,0
18.8.2015,"504,00",,,"504,00","0,00",0.0,0,0
17.8.2015,"504,00",,,"504,00","0,00",0.0,0,0
14.8.2015,"504,00",,,"504,00","0,00",0.0,0,0
13.8.2015,"504,00",,,"504,00","0,00",0.0,0,0
12.8.2015,"504,00",,,"504,00","0,00",0.0,0,0
11.8.2015,"504,00",,,"504,00","0,00",0.0,0,0
10.8.2015,"504,00",,,"504,00","0,00",0.0,0,0
07.8.2015,"504,00",,,"504,00","0,00",0.0,0,0
06.8.2015,"504,00",,,"504,00","0,00",0.0,0,0
05.8.2015,"504,00",,,"504,00","0,00",0.0,0,0
04.8.2015,"504,00",,,"504,00","0,00",0.0,0,0
31.7.2015,"504,00",,,"504,00","0,00",0.0,0,0
30.7.2015,"504,00","504,00","504,00","504,00","2,86",13.0,6.552,6.552
29.7.2015,"490,00",,,"490,00","0,00",0.0,0,0
28.7.2015,"490,00",,,"490,00","0,00",0.0,0,0
27.7.2015,"490,00",,,"490,00","0,00",0.0,0,0
24.7.2015,"490,00",,,"490,00","0,00",0.0,0,0
23.7.2015,"490,00",,,"490,00","0,00",0.0,0,0
22.7.2015,"490,00",,,"490,00","0,00",0.0,0,0
21.7.2015,"490,00",,,"490,00","0,00",0.0,0,0
20.7.2015,"490,00",,,"490,00","0,00",0.0,0,0
16.7.2015,"490,00",,,"490,00","0,00",0.0,0,0
15.7.2015,"490,00",,,"490,00","0,00",0.0,0,0
14.7.2015,"490,00",,,"490,00","0,00",0.0,0,0
13.7.2015,"490,00",,,"490,00","0,00",0.0,0,0
10.7.2015,"490,00",,,"490,00","0,00",0.0,0,0
09.7.2015,"490,00",,,"490,00","0,00",0.0,0,0
08.7.2015,"490,00",,,"490,00","0,00",0.0,0,0
07.7.2015,"490,00",,,"490,00","0,00",0.0,0,0
06.7.2015,"490,00",,,"490,00","0,00",0.0,0,0
03.7.2015,"490,00",,,"490,00","0,00",0.0,0,0
02.7.2015,"490,00",,,"490,00","0,00",0.0,0,0
01.7.2015,"490,00",,,"490,00","0,00",0.0,0,0
30.6.2015,"490,00",,,"490,00","0,00",0.0,0,0
29.6.2015,"490,00",,,"490,00","0,00",0.0,0,0
26.6.2015,"490,00",,,"490,00","0,00",0.0,0,0
25.6.2015,"490,00",,,"490,00","0,00",0.0,0,0
24.6.2015,"490,00",,,"490,00","0,00",0.0,0,0
23.6.2015,"490,00",,,"490,00","0,00",0.0,0,0
22.6.2015,"490,00",,,"490,00","0,00",0.0,0,0
19.6.2015,"490,00",,,"490,00","0,00",0.0,0,0
18.6.2015,"490,00",,,"490,00","0,00",0.0,0,0
17.6.2015,"490,00",,,"490,00","0,00",0.0,0,0
16.6.2015,"490,00",,,"490,00","0,00",0.0,0,0
15.6.2015,"490,00",,,"490,00","0,00",0.0,0,0
12.6.2015,"490,00",,,"490,00","0,00",0.0,0,0
11.6.2015,"490,00",,,"490,00","0,00",0.0,0,0
10.6.2015,"490,00",,,"490,00","0,00",0.0,0,0
09.6.2015,"490,00",,,"490,00","0,00",0.0,0,0
08.6.2015,"490,00","490,00","490,00","490,00","0,00",44.0,21.560,21.560
05.6.2015,"490,00",,,"490,00","0,00",0.0,0,14.122.240
04.6.2015,"490,00",,,"490,00","0,00",0.0,0,0
03.6.2015,"490,00",,,"490,00","0,00",0.0,0,0
02.6.2015,"490,00",,,"490,00","0,00",0.0,0,0
01.6.2015,"490,00",,,"490,00","0,00",0.0,0,0
28.5.2015,"490,00",,,"490,00","0,00",0.0,0,0
27.5.2015,"490,00",,,"490,00","0,00",0.0,0,0
26.5.2015,"490,00",,,"490,00","0,00",0.0,0,0
22.5.2015,"490,00",,,"490,00","0,00",0.0,0,0
21.5.2015,"490,00",,,"490,00","0,00",0.0,0,0
20.5.2015,"490,00",,,"490,00","0,00",0.0,0,0
19.5.2015,"490,00",,,"490,00","0,00",0.0,0,0
18.5.2015,"490,00",,,"490,00","0,00",0.0,0,0
15.5.2015,"490,00",,,"490,00","0,00",0.0,0,0
14.5.2015,"490,00",,,"490,00","0,00",0.0,0,0
13.5.2015,"490,00",,,"490,00","0,00",0.0,0,0
12.5.2015,"490,00",,,"490,00","0,00",0.0,0,0
11.5.2015,"490,00","490,00","490,00","490,00","0,00",35.0,17.150,17.150
08.5.2015,"490,00",,,"490,00","0,00",0.0,0,0
07.5.2015,"490,00","490,00","490,00","490,00","4,03",1.118,547.820,547.820
06.5.2015,"471,00",,,"471,00","0,00",0.0,0,0
05.5.2015,"471,00",,,"471,00","0,00",0.0,0,0
04.5.2015,"471,00",,,"471,00","0,00",0.0,0,0
30.4.2015,"471,00",,,"471,00","0,00",0.0,0,0
29.4.2015,"471,00",,,"471,00","0,00",0.0,0,0
28.4.2015,"471,00",,,"471,00","0,00",0.0,0,0
27.4.2015,"471,00",,,"471,00","0,00",0.0,0,0
24.4.2015,"471,00",,,"471,00","0,00",0.0,0,0
23.4.2015,"471,00",,,"471,00","0,00",0.0,0,0
22.4.2015,"471,00",,,"471,00","0,00",0.0,0,0
21.4.2015,"471,00",,,"471,00","0,00",0.0,0,0
20.4.2015,"471,00",,,"471,00","0,00",0.0,0,0
17.4.2015,"471,00",,,"471,00","0,00",0.0,0,0
16.4.2015,"471,00","471,00","471,00","471,00","0,00",59.0,27.789,27.789
15.4.2015,"471,00",,,"471,00","0,00",0.0,0,0
14.4.2015,"471,00",,,"471,00","0,00",0.0,0,0
09.4.2015,"471,00",,,"471,00","0,00",0.0,0,0
08.4.2015,"471,00","471,00","471,00","471,00","-2,89",95.0,44.745,44.745
07.4.2015,"485,00",,,"485,00","0,00",0.0,0,0
06.4.2015,"485,00",,,"485,00","0,00",0.0,0,0
03.4.2015,"485,00","485,00","485,00","485,00","0,00",344.0,166.840,166.840
02.4.2015,"485,00",,,"485,00","0,00",0.0,0,0
01.4.2015,"485,00",,,"485,00","0,00",0.0,0,0
31.3.2015,"485,00",,,"485,00","0,00",0.0,0,0
30.3.2015,"485,00",,,"485,00","0,00",0.0,0,0
27.3.2015,"485,00",,,"485,00","0,00",0.0,0,0
26.3.2015,"485,00",,,"485,00","0,00",0.0,0,0
25.3.2015,"485,00","485,00","485,00","485,00","-14,16",57.0,27.645,27.645
24.3.2015,"565,00","565,00","565,00","565,00","0,00",91.0,51.415,51.415
23.3.2015,"565,00",,,"565,00","0,00",0.0,0,0
20.3.2015,"565,00","565,00","565,00","565,00","0,00",55.0,31.075,31.075
19.3.2015,"565,00",,,"565,00","0,00",0.0,0,0
18.3.2015,"565,00","565,00","565,00","565,00","0,00",7.0,3.955,3.955
17.3.2015,"565,00",,,"565,00","0,00",0.0,0,0
16.3.2015,"565,00",,,"565,00","0,00",0.0,0,0
13.3.2015,"565,00",,,"565,00","0,00",0.0,0,0
12.3.2015,"565,00",,,"565,00","0,00",0.0,0,0
11.3.2015,"565,00",,,"565,00","0,00",0.0,0,0
10.3.2015,"565,00",,,"565,00","0,00",0.0,0,0
09.3.2015,"565,00",,,"565,00","0,00",0.0,0,0
06.3.2015,"565,00",,,"565,00","0,00",0.0,0,0
05.3.2015,"565,00",,,"565,00","0,00",0.0,0,0
04.3.2015,"565,00",,,"565,00","0,00",0.0,0,0
03.3.2015,"565,00","565,00","565,00","565,00","0,00",35.0,19.775,19.775
02.3.2015,"565,00","565,00","565,00","565,00","-2,92",100.0,56.500,56.500
27.2.2015,"582,00",,,"582,00","0,00",0.0,0,0
26.2.2015,"582,00",,,"582,00","0,00",0.0,0,0
25.2.2015,"582,00",,,"582,00","0,00",0.0,0,0
24.2.2015,"582,00",,,"582,00","0,00",0.0,0,0
23.2.2015,"582,00","582,00","582,00","582,00","-3,00",100.0,58.200,58.200
20.2.2015,"600,00",,,"600,00","0,00",0.0,0,0
19.2.2015,"600,00","600,00","600,00","600,00","0,00",120.0,72.000,72.000
18.2.2015,"600,00","600,00","600,00","600,00","-4,91",67.0,40.200,40.200
17.2.2015,"631,00",,,"631,00","0,00",0.0,0,0
16.2.2015,"631,00",,,"631,00","0,00",0.0,0,0
13.2.2015,"631,00",,,"631,00","0,00",0.0,0,0
12.2.2015,"631,00",,,"631,00","0,00",0.0,0,0
11.2.2015,"631,00","631,00","631,00","631,00","0,00",83.0,52.373,52.373
10.2.2015,"631,00",,,"631,00","0,00",0.0,0,0
09.2.2015,"631,00",,,"631,00","0,00",0.0,0,0
06.2.2015,"631,00",,,"631,00","0,00",0.0,0,0
05.2.2015,"631,00",,,"631,00","0,00",0.0,0,0
04.2.2015,"631,00",,,"631,00","0,00",0.0,0,0
03.2.2015,"631,00","631,00","631,00","631,00","-2,92",893.0,563.483,563.483
02.2.2015,"650,00",,,"650,00","0,00",0.0,0,0
30.1.2015,"650,00","650,00","650,00","650,00","0,00",32.0,20.800,20.800
29.1.2015,"650,00",,,"650,00","0,00",0.0,0,0
28.1.2015,"650,00",,,"650,00","0,00",0.0,0,0
27.1.2015,"650,00",,,"650,00","0,00",0.0,0,0
26.1.2015,"650,00",,,"650,00","0,00",0.0,0,0
23.1.2015,"650,00",,,"650,00","0,00",0.0,0,0
22.1.2015,"650,00","650,00","650,00","650,00","-7,14",96.0,62.400,62.400
21.1.2015,"700,00",,,"700,00","0,00",0.0,0,0
20.1.2015,"700,00",,,"700,00","0,00",0.0,0,0
16.1.2015,"700,00",,,"700,00","0,00",0.0,0,0
15.1.2015,"700,00",,,"700,00","0,00",0.0,0,0
14.1.2015,"700,00",,,"700,00","0,00",0.0,0,0
13.1.2015,"700,00",,,"700,00","0,00",0.0,0,0
12.1.2015,"700,00",,,"700,00","0,00",0.0,0,0
09.1.2015,"700,00",,,"700,00","0,00",0.0,0,0
08.1.2015,"700,00",,,"700,00","0,00",0.0,0,0
05.1.2015,"700,00",,,"700,00","0,00",0.0,0,0
02.1.2015,"700,00",,,"700,00","0,00",0.0,0,0
30.12.2014,"700,00",,,"700,00","0,00",0.0,0,0
29.12.2014,"700,00",,,"700,00","0,00",0.0,0,0
26.12.2014,"700,00",,,"700,00","0,00",0.0,0,0
25.12.2014,"700,00",,,"700,00","0,00",0.0,0,0
24.12.2014,"700,00",,,"700,00","0,00",0.0,0,0
23.12.2014,"700,00",,,"700,00","0,00",0.0,0,0
22.12.2014,"700,00",,,"700,00","0,00",0.0,0,0
19.12.2014,"700,00",,,"700,00","0,00",0.0,0,0
18.12.2014,"700,00",,,"700,00","0,00",0.0,0,0
17.12.2014,"700,00",,,"700,00","0,00",0.0,0,0
16.12.2014,"700,00",,,"700,00","0,00",0.0,0,0
15.12.2014,"700,00",,,"700,00","0,00",0.0,0,0
12.12.2014,"700,00",,,"700,00","0,00",0.0,0,0
11.12.2014,"700,00",,,"700,00","0,00",0.0,0,0
10.12.2014,"700,00",,,"700,00","0,00",0.0,0,0
09.12.2014,"700,00",,,"700,00","0,00",0.0,0,0
05.12.2014,"700,00",,,"700,00","0,00",0.0,0,0
04.12.2014,"700,00",,,"700,00","0,00",0.0,0,0
02.12.2014,"700,00",,,"700,00","0,00",0.0,0,0
01.12.2014,"700,00",,,"700,00","0,00",0.0,0,0
28.11.2014,"700,00",,,"700,00","0,00",0.0,0,0
27.11.2014,"700,00",,,"700,00","0,00",0.0,0,0
